250.000000,250.000000 
255.000000,250.079057 
260.000000,250.158114 
265.000000,250.237171 
270.000000,250.316228 
275.000000,250.395285 
280.000000,250.474342 
285.000000,250.553399 
290.000000,250.632456 
295.000000,250.711512 
300.000000,250.790569 
305.000000,250.869626 
310.000000,250.948683 
315.000000,251.027740 
320.000000,251.106797 
325.000000,251.185854 
330.000000,251.264911 
335.000000,251.343968 
340.000000,251.423025 
345.000000,251.502082 
350.000000,251.581139 
355.000000,251.660196 
360.000000,251.739253 
365.000000,251.818310 
370.000000,251.897367 
375.000000,251.976424 
380.000000,252.055480 
385.000000,252.134537 
390.000000,252.213594 
395.000000,252.292651 
400.000000,252.371708 
405.000000,252.450765 
410.000000,252.529822 
415.000000,252.608879 
420.000000,252.687936 
425.000000,252.766993 
430.000000,252.846050 
435.000000,252.925107 
440.000000,253.004164 
445.000000,253.083221 
450.000000,253.162278 
455.000000,253.241335 
460.000000,253.320392 
465.000000,253.399448 
470.000000,253.478505 
475.000000,253.557562 
480.000000,253.636619 
485.000000,253.715676 
490.000000,253.794733 
495.000000,253.873790 
500.000000,253.952847 
505.000000,254.031904 
510.000000,254.110961 
515.000000,254.190018 
520.000000,254.269075 
525.000000,254.348132 
530.000000,254.427189 
535.000000,254.506246 
540.000000,254.585303 
545.000000,254.664360 
550.000000,254.743416 
555.000000,254.822473 
560.000000,254.901530 
250.000000,254.980587 
255.000000,255.059644 
260.000000,255.138701 
265.000000,255.217758 
270.000000,255.296815 
275.000000,255.375872 
280.000000,255.454929 
285.000000,255.533986 
290.000000,255.613043 
295.000000,255.692100 
300.000000,255.771157 
305.000000,255.850214 
310.000000,255.929271 
315.000000,256.008328 
320.000000,256.087384 
325.000000,256.166441 
330.000000,256.245498 
335.000000,256.324555 
340.000000,256.403612 
345.000000,256.482669 
350.000000,256.561726 
355.000000,256.640783 
360.000000,256.719840 
365.000000,256.798897 
370.000000,256.877954 
375.000000,256.957011 
380.000000,257.036068 
385.000000,257.115125 
390.000000,257.194182 
395.000000,257.273239 
400.000000,257.352296 
405.000000,257.431353 
410.000000,257.510409 
415.000000,257.589466 
420.000000,257.668523 
425.000000,257.747580 
430.000000,257.826637 
435.000000,257.905694 
440.000000,257.984751 
445.000000,258.063808 
450.000000,258.142865 
455.000000,258.221922 
460.000000,258.300979 
465.000000,258.380036 
470.000000,258.459093 
475.000000,258.538150 
480.000000,258.617207 
485.000000,258.696264 
490.000000,258.775321 
495.000000,258.854377 
500.000000,258.933434 
505.000000,259.012491 
510.000000,259.091548 
515.000000,259.170605 
520.000000,259.249662 
525.000000,259.328719 
530.000000,259.407776 
535.000000,259.486833 
540.000000,259.565890 
545.000000,259.644947 
550.000000,259.724004 
555.000000,259.803061 
560.000000,259.882118 
250.000000,259.961175 
255.000000,260.040232 
260.000000,260.119289 
265.000000,260.198345 
270.000000,260.277402 
275.000000,260.356459 
280.000000,260.435516 
285.000000,260.514573 
290.000000,260.593630 
295.000000,260.672687 
300.000000,260.751744 
305.000000,260.830801 
310.000000,260.909858 
315.000000,260.988915 
320.000000,261.067972 
325.000000,261.147029 
330.000000,261.226086 
335.000000,261.305143 
340.000000,261.384200 
345.000000,261.463257 
350.000000,261.542313 
355.000000,261.621370 
360.000000,261.700427 
365.000000,261.779484 
370.000000,261.858541 
375.000000,261.937598 
380.000000,262.016655 
385.000000,262.095712 
390.000000,262.174769 
395.000000,262.253826 
400.000000,262.332883 
405.000000,262.411940 
410.000000,262.490997 
415.000000,262.570054 
420.000000,262.649111 
425.000000,262.728168 
430.000000,262.807225 
435.000000,262.886281 
440.000000,262.965338 
445.000000,263.044395 
450.000000,263.123452 
455.000000,263.202509 
460.000000,263.281566 
465.000000,263.360623 
470.000000,263.439680 
475.000000,263.518737 
480.000000,263.597794 
485.000000,263.676851 
490.000000,263.755908 
495.000000,263.834965 
500.000000,263.914022 
505.000000,263.993079 
510.000000,264.072136 
515.000000,264.151193 
520.000000,264.230249 
525.000000,264.309306 
530.000000,264.388363 
535.000000,264.467420 
540.000000,264.546477 
545.000000,264.625534 
550.000000,264.704591 
555.000000,264.783648 
560.000000,264.862705 
250.000000,264.941762 
255.000000,265.020819 
260.000000,265.099876 
265.000000,265.178933 
270.000000,265.257990 
275.000000,265.337047 
280.000000,265.416104 
285.000000,265.495161 
290.000000,265.574217 
295.000000,265.653274 
300.000000,265.732331 
305.000000,265.811388 
310.000000,265.890445 
315.000000,265.969502 
320.000000,266.048559 
325.000000,266.127616 
330.000000,266.206673 
335.000000,266.285730 
340.000000,266.364787 
345.000000,266.443844 
350.000000,266.522901 
355.000000,266.601958 
360.000000,266.681015 
365.000000,266.760072 
370.000000,266.839129 
375.000000,266.918185 
380.000000,266.997242 
385.000000,267.076299 
390.000000,267.155356 
395.000000,267.234413 
400.000000,267.313470 
405.000000,267.392527 
410.000000,267.471584 
415.000000,267.550641 
420.000000,267.629698 
425.000000,267.708755 
430.000000,267.787812 
435.000000,267.866869 
440.000000,267.945926 
445.000000,268.024983 
450.000000,268.104040 
455.000000,268.183097 
460.000000,268.262153 
465.000000,268.341210 
470.000000,268.420267 
475.000000,268.499324 
480.000000,268.578381 
485.000000,268.657438 
490.000000,268.736495 
495.000000,268.815552 
500.000000,268.894609 
505.000000,268.973666 
510.000000,269.052723 
515.000000,269.131780 
520.000000,269.210837 
525.000000,269.289894 
530.000000,269.368951 
535.000000,269.448008 
540.000000,269.527065 
545.000000,269.606121 
550.000000,269.685178 
555.000000,269.764235 
560.000000,269.843292 
250.000000,269.922349 
255.000000,270.001406 
260.000000,270.080463 
265.000000,270.159520 
270.000000,270.238577 
275.000000,270.317634 
280.000000,270.396691 
285.000000,270.475748 
290.000000,270.554805 
295.000000,270.633862 
300.000000,270.712919 
305.000000,270.791976 
310.000000,270.871033 
315.000000,270.950089 
320.000000,271.029146 
325.000000,271.108203 
330.000000,271.187260 
335.000000,271.266317 
340.000000,271.345374 
345.000000,271.424431 
350.000000,271.503488 
355.000000,271.582545 
360.000000,271.661602 
365.000000,271.740659 
370.000000,271.819716 
375.000000,271.898773 
380.000000,271.977830 
385.000000,272.056887 
390.000000,272.135944 
395.000000,272.215001 
400.000000,272.294058 
405.000000,272.373114 
410.000000,272.452171 
415.000000,272.531228 
420.000000,272.610285 
425.000000,272.689342 
430.000000,272.768399 
435.000000,272.847456 
440.000000,272.926513 
445.000000,273.005570 
450.000000,273.084627 
455.000000,273.163684 
460.000000,273.242741 
465.000000,273.321798 
470.000000,273.400855 
475.000000,273.479912 
480.000000,273.558969 
485.000000,273.638026 
490.000000,273.717082 
495.000000,273.796139 
500.000000,273.875196 
505.000000,273.954253 
510.000000,274.033310 
515.000000,274.112367 
520.000000,274.191424 
525.000000,274.270481 
530.000000,274.349538 
535.000000,274.428595 
540.000000,274.507652 
545.000000,274.586709 
550.000000,274.665766 
555.000000,274.744823 
560.000000,274.823880 
250.000000,274.902937 
255.000000,274.981994 
260.000000,275.061050 
265.000000,275.140107 
270.000000,275.219164 
275.000000,275.298221 
280.000000,275.377278 
285.000000,275.456335 
290.000000,275.535392 
295.000000,275.614449 
300.000000,275.693506 
305.000000,275.772563 
310.000000,275.851620 
315.000000,275.930677 
320.000000,276.009734 
325.000000,276.088791 
330.000000,276.167848 
335.000000,276.246905 
340.000000,276.325962 
345.000000,276.405018 
350.000000,276.484075 
355.000000,276.563132 
360.000000,276.642189 
365.000000,276.721246 
370.000000,276.800303 
375.000000,276.879360 
380.000000,276.958417 
385.000000,277.037474 
390.000000,277.116531 
395.000000,277.195588 
400.000000,277.274645 
405.000000,277.353702 
410.000000,277.432759 
415.000000,277.511816 
420.000000,277.590873 
425.000000,277.669930 
430.000000,277.748986 
435.000000,277.828043 
440.000000,277.907100 
445.000000,277.986157 
450.000000,278.065214 
455.000000,278.144271 
460.000000,278.223328 
465.000000,278.302385 
470.000000,278.381442 
475.000000,278.460499 
480.000000,278.539556 
485.000000,278.618613 
490.000000,278.697670 
495.000000,278.776727 
500.000000,278.855784 
505.000000,278.934841 
510.000000,279.013898 
515.000000,279.092954 
520.000000,279.172011 
525.000000,279.251068 
530.000000,279.330125 
535.000000,279.409182 
540.000000,279.488239 
545.000000,279.567296 
550.000000,279.646353 
555.000000,279.725410 
560.000000,279.804467 
250.000000,279.883524 
255.000000,279.962581 
260.000000,280.041638 
265.000000,280.120695 
270.000000,280.199752 
275.000000,280.278809 
280.000000,280.357866 
285.000000,280.436922 
290.000000,280.515979 
295.000000,280.595036 
300.000000,280.674093 
305.000000,280.753150 
310.000000,280.832207 
315.000000,280.911264 
320.000000,280.990321 
325.000000,281.069378 
330.000000,281.148435 
335.000000,281.227492 
340.000000,281.306549 
345.000000,281.385606 
350.000000,281.464663 
355.000000,281.543720 
360.000000,281.622777 
365.000000,281.701834 
370.000000,281.780890 
375.000000,281.859947 
380.000000,281.939004 
385.000000,282.018061 
390.000000,282.097118 
395.000000,282.176175 
400.000000,282.255232 
405.000000,282.334289 
410.000000,282.413346 
415.000000,282.492403 
420.000000,282.571460 
425.000000,282.650517 
430.000000,282.729574 
435.000000,282.808631 
440.000000,282.887688 
445.000000,282.966745 
450.000000,283.045802 
455.000000,283.124858 
460.000000,283.203915 
465.000000,283.282972 
470.000000,283.362029 
475.000000,283.441086 
480.000000,283.520143 
485.000000,283.599200 
490.000000,283.678257 
495.000000,283.757314 
500.000000,283.836371 
505.000000,283.915428 
510.000000,283.994485 
515.000000,284.073542 
520.000000,284.152599 
525.000000,284.231656 
530.000000,284.310713 
535.000000,284.389770 
540.000000,284.468826 
545.000000,284.547883 
550.000000,284.626940 
555.000000,284.705997 
560.000000,284.785054 
250.000000,284.864111 
255.000000,284.943168 
260.000000,285.022225 
265.000000,285.101282 
270.000000,285.180339 
275.000000,285.259396 
280.000000,285.338453 
285.000000,285.417510 
290.000000,285.496567 
295.000000,285.575624 
300.000000,285.654681 
305.000000,285.733738 
310.000000,285.812795 
315.000000,285.891851 
320.000000,285.970908 
325.000000,286.049965 
330.000000,286.129022 
335.000000,286.208079 
340.000000,286.287136 
345.000000,286.366193 
350.000000,286.445250 
355.000000,286.524307 
360.000000,286.603364 
365.000000,286.682421 
370.000000,286.761478 
375.000000,286.840535 
380.000000,286.919592 
385.000000,286.998649 
390.000000,287.077706 
395.000000,287.156763 
400.000000,287.235819 
405.000000,287.314876 
410.000000,287.393933 
415.000000,287.472990 
420.000000,287.552047 
425.000000,287.631104 
430.000000,287.710161 
435.000000,287.789218 
440.000000,287.868275 
445.000000,287.947332 
450.000000,288.026389 
455.000000,288.105446 
460.000000,288.184503 
465.000000,288.263560 
470.000000,288.342617 
475.000000,288.421674 
480.000000,288.500731 
485.000000,288.579787 
490.000000,288.658844 
495.000000,288.737901 
500.000000,288.816958 
505.000000,288.896015 
510.000000,288.975072 
515.000000,289.054129 
520.000000,289.133186 
525.000000,289.212243 
530.000000,289.291300 
535.000000,289.370357 
540.000000,289.449414 
545.000000,289.528471 
550.000000,289.607528 
555.000000,289.686585 
560.000000,289.765642 
250.000000,289.844699 
255.000000,289.923755 
260.000000,290.002812 
265.000000,290.081869 
270.000000,290.160926 
275.000000,290.239983 
280.000000,290.319040 
285.000000,290.398097 
290.000000,290.477154 
295.000000,290.556211 
300.000000,290.635268 
305.000000,290.714325 
310.000000,290.793382 
315.000000,290.872439 
320.000000,290.951496 
325.000000,291.030553 
330.000000,291.109610 
335.000000,291.188667 
340.000000,291.267723 
345.000000,291.346780 
350.000000,291.425837 
355.000000,291.504894 
360.000000,291.583951 
365.000000,291.663008 
370.000000,291.742065 
375.000000,291.821122 
380.000000,291.900179 
385.000000,291.979236 
390.000000,292.058293 
395.000000,292.137350 
400.000000,292.216407 
405.000000,292.295464 
410.000000,292.374521 
415.000000,292.453578 
420.000000,292.532635 
425.000000,292.611691 
430.000000,292.690748 
435.000000,292.769805 
440.000000,292.848862 
445.000000,292.927919 
450.000000,293.006976 
455.000000,293.086033 
460.000000,293.165090 
465.000000,293.244147 
470.000000,293.323204 
475.000000,293.402261 
480.000000,293.481318 
485.000000,293.560375 
490.000000,293.639432 
495.000000,293.718489 
500.000000,293.797546 
505.000000,293.876603 
510.000000,293.955659 
515.000000,294.034716 
520.000000,294.113773 
525.000000,294.192830 
530.000000,294.271887 
535.000000,294.350944 
540.000000,294.430001 
545.000000,294.509058 
550.000000,294.588115 
555.000000,294.667172 
560.000000,294.746229 
250.000000,294.825286 
255.000000,294.904343 
260.000000,294.983400 
265.000000,295.062457 
270.000000,295.141514 
275.000000,295.220571 
280.000000,295.299627 
285.000000,295.378684 
290.000000,295.457741 
295.000000,295.536798 
300.000000,295.615855 
305.000000,295.694912 
310.000000,295.773969 
315.000000,295.853026 
320.000000,295.932083 
325.000000,296.011140 
330.000000,296.090197 
335.000000,296.169254 
340.000000,296.248311 
345.000000,296.327368 
350.000000,296.406425 
355.000000,296.485482 
360.000000,296.564539 
365.000000,296.643595 
370.000000,296.722652 
375.000000,296.801709 
380.000000,296.880766 
385.000000,296.959823 
390.000000,297.038880 
395.000000,297.117937 
400.000000,297.196994 
405.000000,297.276051 
410.000000,297.355108 
415.000000,297.434165 
420.000000,297.513222 
425.000000,297.592279 
430.000000,297.671336 
435.000000,297.750393 
440.000000,297.829450 
445.000000,297.908507 
450.000000,297.987563 
455.000000,298.066620 
460.000000,298.145677 
465.000000,298.224734 
470.000000,298.303791 
475.000000,298.382848 
480.000000,298.461905 
485.000000,298.540962 
490.000000,298.620019 
495.000000,298.699076 
500.000000,298.778133 
505.000000,298.857190 
510.000000,298.936247 
515.000000,299.015304 
520.000000,299.094361 
525.000000,299.173418 
530.000000,299.252475 
535.000000,299.331531 
540.000000,299.410588 
545.000000,299.489645 
550.000000,299.568702 
555.000000,299.647759 
560.000000,299.726816 
250.000000,299.805873 
255.000000,299.884930 
260.000000,299.963987 
265.000000,300.043044 
270.000000,300.122101 
275.000000,300.201158 
280.000000,300.280215 
285.000000,300.359272 
290.000000,300.438329 
295.000000,300.517386 
300.000000,300.596443 
305.000000,300.675500 
310.000000,300.754556 
315.000000,300.833613 
320.000000,300.912670 
325.000000,300.991727 
330.000000,301.070784 
335.000000,301.149841 
340.000000,301.228898 
345.000000,301.307955 
350.000000,301.387012 
355.000000,301.466069 
360.000000,301.545126 
365.000000,301.624183 
370.000000,301.703240 
375.000000,301.782297 
380.000000,301.861354 
385.000000,301.940411 
390.000000,302.019468 
395.000000,302.098524 
400.000000,302.177581 
405.000000,302.256638 
410.000000,302.335695 
415.000000,302.414752 
420.000000,302.493809 
425.000000,302.572866 
430.000000,302.651923 
435.000000,302.730980 
440.000000,302.810037 
445.000000,302.889094 
450.000000,302.968151 
455.000000,303.047208 
460.000000,303.126265 
465.000000,303.205322 
470.000000,303.284379 
475.000000,303.363436 
480.000000,303.442492 
485.000000,303.521549 
490.000000,303.600606 
495.000000,303.679663 
500.000000,303.758720 
505.000000,303.837777 
510.000000,303.916834 
515.000000,303.995891 
520.000000,304.074948 
525.000000,304.154005 
530.000000,304.233062 
535.000000,304.312119 
540.000000,304.391176 
545.000000,304.470233 
550.000000,304.549290 
555.000000,304.628347 
560.000000,304.707404 
250.000000,304.786460 
255.000000,304.865517 
260.000000,304.944574 
265.000000,305.023631 
270.000000,305.102688 
275.000000,305.181745 
280.000000,305.260802 
285.000000,305.339859 
290.000000,305.418916 
295.000000,305.497973 
300.000000,305.577030 
305.000000,305.656087 
310.000000,305.735144 
315.000000,305.814201 
320.000000,305.893258 
325.000000,305.972315 
330.000000,306.051372 
335.000000,306.130428 
340.000000,306.209485 
345.000000,306.288542 
350.000000,306.367599 
355.000000,306.446656 
360.000000,306.525713 
365.000000,306.604770 
370.000000,306.683827 
375.000000,306.762884 
380.000000,306.841941 
385.000000,306.920998 
390.000000,307.000055 
395.000000,307.079112 
400.000000,307.158169 
405.000000,307.237226 
410.000000,307.316283 
415.000000,307.395340 
420.000000,307.474396 
425.000000,307.553453 
430.000000,307.632510 
435.000000,307.711567 
440.000000,307.790624 
445.000000,307.869681 
450.000000,307.948738 
455.000000,308.027795 
460.000000,308.106852 
465.000000,308.185909 
470.000000,308.264966 
475.000000,308.344023 
480.000000,308.423080 
485.000000,308.502137 
490.000000,308.581194 
495.000000,308.660251 
500.000000,308.739308 
505.000000,308.818364 
510.000000,308.897421 
515.000000,308.976478 
520.000000,309.055535 
525.000000,309.134592 
530.000000,309.213649 
535.000000,309.292706 
540.000000,309.371763 
545.000000,309.450820 
550.000000,309.529877 
555.000000,309.608934 
560.000000,309.687991 
250.000000,309.767048 
255.000000,309.846105 
260.000000,309.925162 
265.000000,310.004219 
270.000000,310.083276 
275.000000,310.162332 
280.000000,310.241389 
285.000000,310.320446 
290.000000,310.399503 
295.000000,310.478560 
300.000000,310.557617 
305.000000,310.636674 
310.000000,310.715731 
315.000000,310.794788 
320.000000,310.873845 
325.000000,310.952902 
330.000000,311.031959 
335.000000,311.111016 
340.000000,311.190073 
345.000000,311.269130 
350.000000,311.348187 
355.000000,311.427244 
360.000000,311.506300 
365.000000,311.585357 
370.000000,311.664414 
375.000000,311.743471 
380.000000,311.822528 
385.000000,311.901585 
390.000000,311.980642 
395.000000,312.059699 
400.000000,312.138756 
405.000000,312.217813 
410.000000,312.296870 
415.000000,312.375927 
420.000000,312.454984 
425.000000,312.534041 
430.000000,312.613098 
435.000000,312.692155 
440.000000,312.771212 
445.000000,312.850268 
450.000000,312.929325 
455.000000,313.008382 
460.000000,313.087439 
465.000000,313.166496 
470.000000,313.245553 
475.000000,313.324610 
480.000000,313.403667 
485.000000,313.482724 
490.000000,313.561781 
495.000000,313.640838 
500.000000,313.719895 
505.000000,313.798952 
510.000000,313.878009 
515.000000,313.957066 
520.000000,314.036123 
525.000000,314.115180 
530.000000,314.194237 
535.000000,314.273293 
540.000000,314.352350 
545.000000,314.431407 
550.000000,314.510464 
555.000000,314.589521 
560.000000,314.668578 
250.000000,314.747635 
255.000000,314.826692 
260.000000,314.905749 
265.000000,314.984806 
270.000000,315.063863 
275.000000,315.142920 
280.000000,315.221977 
285.000000,315.301034 
290.000000,315.380091 
295.000000,315.459148 
300.000000,315.538205 
305.000000,315.617261 
310.000000,315.696318 
315.000000,315.775375 
320.000000,315.854432 
325.000000,315.933489 
330.000000,316.012546 
335.000000,316.091603 
340.000000,316.170660 
345.000000,316.249717 
350.000000,316.328774 
355.000000,316.407831 
360.000000,316.486888 
365.000000,316.565945 
370.000000,316.645002 
375.000000,316.724059 
380.000000,316.803116 
385.000000,316.882173 
390.000000,316.961229 
395.000000,317.040286 
400.000000,317.119343 
405.000000,317.198400 
410.000000,317.277457 
415.000000,317.356514 
420.000000,317.435571 
425.000000,317.514628 
430.000000,317.593685 
435.000000,317.672742 
440.000000,317.751799 
445.000000,317.830856 
450.000000,317.909913 
455.000000,317.988970 
460.000000,318.068027 
465.000000,318.147084 
470.000000,318.226141 
475.000000,318.305197 
480.000000,318.384254 
485.000000,318.463311 
490.000000,318.542368 
495.000000,318.621425 
500.000000,318.700482 
505.000000,318.779539 
510.000000,318.858596 
515.000000,318.937653 
520.000000,319.016710 
525.000000,319.095767 
530.000000,319.174824 
535.000000,319.253881 
540.000000,319.332938 
545.000000,319.411995 
550.000000,319.491052 
555.000000,319.570109 
560.000000,319.649165 
250.000000,319.728222 
255.000000,319.807279 
260.000000,319.886336 
265.000000,319.965393 
270.000000,320.044450 
275.000000,320.123507 
280.000000,320.202564 
285.000000,320.281621 
290.000000,320.360678 
295.000000,320.439735 
300.000000,320.518792 
305.000000,320.597849 
310.000000,320.676906 
315.000000,320.755963 
320.000000,320.835020 
325.000000,320.914077 
330.000000,320.993133 
335.000000,321.072190 
340.000000,321.151247 
345.000000,321.230304 
350.000000,321.309361 
355.000000,321.388418 
360.000000,321.467475 
365.000000,321.546532 
370.000000,321.625589 
375.000000,321.704646 
380.000000,321.783703 
385.000000,321.862760 
390.000000,321.941817 
395.000000,322.020874 
400.000000,322.099931 
405.000000,322.178988 
410.000000,322.258045 
415.000000,322.337101 
420.000000,322.416158 
425.000000,322.495215 
430.000000,322.574272 
435.000000,322.653329 
440.000000,322.732386 
445.000000,322.811443 
450.000000,322.890500 
455.000000,322.969557 
460.000000,323.048614 
465.000000,323.127671 
470.000000,323.206728 
475.000000,323.285785 
480.000000,323.364842 
485.000000,323.443899 
490.000000,323.522956 
495.000000,323.602013 
500.000000,323.681069 
505.000000,323.760126 
510.000000,323.839183 
515.000000,323.918240 
520.000000,323.997297 
525.000000,324.076354 
530.000000,324.155411 
535.000000,324.234468 
540.000000,324.313525 
545.000000,324.392582 
550.000000,324.471639 
555.000000,324.550696 
560.000000,324.629753 
250.000000,324.708810 
255.000000,324.787867 
260.000000,324.866924 
265.000000,324.945981 
270.000000,325.025037 
275.000000,325.104094 
280.000000,325.183151 
285.000000,325.262208 
290.000000,325.341265 
295.000000,325.420322 
300.000000,325.499379 
305.000000,325.578436 
310.000000,325.657493 
315.000000,325.736550 
320.000000,325.815607 
325.000000,325.894664 
330.000000,325.973721 
335.000000,326.052778 
340.000000,326.131835 
345.000000,326.210892 
350.000000,326.289949 
355.000000,326.369005 
360.000000,326.448062 
365.000000,326.527119 
370.000000,326.606176 
375.000000,326.685233 
380.000000,326.764290 
385.000000,326.843347 
390.000000,326.922404 
395.000000,327.001461 
400.000000,327.080518 
405.000000,327.159575 
410.000000,327.238632 
415.000000,327.317689 
420.000000,327.396746 
425.000000,327.475803 
430.000000,327.554860 
435.000000,327.633917 
440.000000,327.712973 
445.000000,327.792030 
450.000000,327.871087 
455.000000,327.950144 
460.000000,328.029201 
465.000000,328.108258 
470.000000,328.187315 
475.000000,328.266372 
480.000000,328.345429 
485.000000,328.424486 
490.000000,328.503543 
495.000000,328.582600 
500.000000,328.661657 
505.000000,328.740714 
510.000000,328.819771 
515.000000,328.898828 
520.000000,328.977885 
525.000000,329.056942 
530.000000,329.135998 
535.000000,329.215055 
540.000000,329.294112 
545.000000,329.373169 
550.000000,329.452226 
555.000000,329.531283 
560.000000,329.610340 
250.000000,329.689397 
255.000000,329.768454 
260.000000,329.847511 
265.000000,329.926568 
270.000000,330.005625 
275.000000,330.084682 
280.000000,330.163739 
285.000000,330.242796 
290.000000,330.321853 
295.000000,330.400910 
300.000000,330.479966 
305.000000,330.559023 
310.000000,330.638080 
315.000000,330.717137 
320.000000,330.796194 
325.000000,330.875251 
330.000000,330.954308 
335.000000,331.033365 
340.000000,331.112422 
345.000000,331.191479 
350.000000,331.270536 
355.000000,331.349593 
360.000000,331.428650 
365.000000,331.507707 
370.000000,331.586764 
375.000000,331.665821 
380.000000,331.744878 
385.000000,331.823934 
390.000000,331.902991 
395.000000,331.982048 
400.000000,332.061105 
405.000000,332.140162 
410.000000,332.219219 
415.000000,332.298276 
420.000000,332.377333 
425.000000,332.456390 
430.000000,332.535447 
435.000000,332.614504 
440.000000,332.693561 
445.000000,332.772618 
450.000000,332.851675 
455.000000,332.930732 
460.000000,333.009789 
465.000000,333.088846 
470.000000,333.167902 
475.000000,333.246959 
480.000000,333.326016 
485.000000,333.405073 
490.000000,333.484130 
495.000000,333.563187 
500.000000,333.642244 
505.000000,333.721301 
510.000000,333.800358 
515.000000,333.879415 
520.000000,333.958472 
525.000000,334.037529 
530.000000,334.116586 
535.000000,334.195643 
540.000000,334.274700 
545.000000,334.353757 
550.000000,334.432814 
555.000000,334.511870 
560.000000,334.590927 
250.000000,334.669984 
255.000000,334.749041 
260.000000,334.828098 
265.000000,334.907155 
270.000000,334.986212 
275.000000,335.065269 
280.000000,335.144326 
285.000000,335.223383 
290.000000,335.302440 
295.000000,335.381497 
300.000000,335.460554 
305.000000,335.539611 
310.000000,335.618668 
315.000000,335.697725 
320.000000,335.776782 
325.000000,335.855838 
330.000000,335.934895 
335.000000,336.013952 
340.000000,336.093009 
345.000000,336.172066 
350.000000,336.251123 
355.000000,336.330180 
360.000000,336.409237 
365.000000,336.488294 
370.000000,336.567351 
375.000000,336.646408 
380.000000,336.725465 
385.000000,336.804522 
390.000000,336.883579 
395.000000,336.962636 
400.000000,337.041693 
405.000000,337.120750 
410.000000,337.199806 
415.000000,337.278863 
420.000000,337.357920 
425.000000,337.436977 
430.000000,337.516034 
435.000000,337.595091 
440.000000,337.674148 
445.000000,337.753205 
450.000000,337.832262 
455.000000,337.911319 
460.000000,337.990376 
465.000000,338.069433 
470.000000,338.148490 
475.000000,338.227547 
480.000000,338.306604 
485.000000,338.385661 
490.000000,338.464718 
495.000000,338.543774 
500.000000,338.622831 
505.000000,338.701888 
510.000000,338.780945 
515.000000,338.860002 
520.000000,338.939059 
525.000000,339.018116 
530.000000,339.097173 
535.000000,339.176230 
540.000000,339.255287 
545.000000,339.334344 
550.000000,339.413401 
555.000000,339.492458 
560.000000,339.571515 
250.000000,339.650572 
255.000000,339.729629 
260.000000,339.808686 
265.000000,339.887742 
270.000000,339.966799 
275.000000,340.045856 
280.000000,340.124913 
285.000000,340.203970 
290.000000,340.283027 
295.000000,340.362084 
300.000000,340.441141 
305.000000,340.520198 
310.000000,340.599255 
315.000000,340.678312 
320.000000,340.757369 
325.000000,340.836426 
330.000000,340.915483 
335.000000,340.994540 
340.000000,341.073597 
345.000000,341.152654 
350.000000,341.231710 
355.000000,341.310767 
360.000000,341.389824 
365.000000,341.468881 
370.000000,341.547938 
375.000000,341.626995 
380.000000,341.706052 
385.000000,341.785109 
390.000000,341.864166 
395.000000,341.943223 
400.000000,342.022280 
405.000000,342.101337 
410.000000,342.180394 
415.000000,342.259451 
420.000000,342.338508 
425.000000,342.417565 
430.000000,342.496622 
435.000000,342.575679 
440.000000,342.654735 
445.000000,342.733792 
450.000000,342.812849 
455.000000,342.891906 
460.000000,342.970963 
465.000000,343.050020 
470.000000,343.129077 
475.000000,343.208134 
480.000000,343.287191 
485.000000,343.366248 
490.000000,343.445305 
495.000000,343.524362 
500.000000,343.603419 
505.000000,343.682476 
510.000000,343.761533 
515.000000,343.840590 
520.000000,343.919647 
525.000000,343.998703 
530.000000,344.077760 
535.000000,344.156817 
540.000000,344.235874 
545.000000,344.314931 
550.000000,344.393988 
555.000000,344.473045 
560.000000,344.552102 
250.000000,344.631159 
255.000000,344.710216 
260.000000,344.789273 
265.000000,344.868330 
270.000000,344.947387 
275.000000,345.026444 
280.000000,345.105501 
285.000000,345.184558 
290.000000,345.263615 
295.000000,345.342671 
300.000000,345.421728 
305.000000,345.500785 
310.000000,345.579842 
315.000000,345.658899 
320.000000,345.737956 
325.000000,345.817013 
330.000000,345.896070 
335.000000,345.975127 
340.000000,346.054184 
345.000000,346.133241 
350.000000,346.212298 
355.000000,346.291355 
360.000000,346.370412 
365.000000,346.449469 
370.000000,346.528526 
375.000000,346.607583 
380.000000,346.686639 
385.000000,346.765696 
390.000000,346.844753 
395.000000,346.923810 
400.000000,347.002867 
405.000000,347.081924 
410.000000,347.160981 
415.000000,347.240038 
420.000000,347.319095 
425.000000,347.398152 
430.000000,347.477209 
435.000000,347.556266 
440.000000,347.635323 
445.000000,347.714380 
450.000000,347.793437 
455.000000,347.872494 
460.000000,347.951551 
465.000000,348.030607 
470.000000,348.109664 
475.000000,348.188721 
480.000000,348.267778 
485.000000,348.346835 
490.000000,348.425892 
495.000000,348.504949 
500.000000,348.584006 
505.000000,348.663063 
510.000000,348.742120 
515.000000,348.821177 
520.000000,348.900234 
525.000000,348.979291 
530.000000,349.058348 
535.000000,349.137405 
540.000000,349.216462 
545.000000,349.295519 
550.000000,349.374575 
555.000000,349.453632 
560.000000,349.532689 
250.000000,349.611746 
255.000000,349.690803 
260.000000,349.769860 
265.000000,349.848917 
270.000000,349.927974 
275.000000,350.007031 
280.000000,350.086088 
285.000000,350.165145 
290.000000,350.244202 
295.000000,350.323259 
300.000000,350.402316 
305.000000,350.481373 
310.000000,350.560430 
315.000000,350.639487 
320.000000,350.718543 
325.000000,350.797600 
330.000000,350.876657 
335.000000,350.955714 
340.000000,351.034771 
345.000000,351.113828 
350.000000,351.192885 
355.000000,351.271942 
360.000000,351.350999 
365.000000,351.430056 
370.000000,351.509113 
375.000000,351.588170 
380.000000,351.667227 
385.000000,351.746284 
390.000000,351.825341 
395.000000,351.904398 
400.000000,351.983455 
405.000000,352.062511 
410.000000,352.141568 
415.000000,352.220625 
420.000000,352.299682 
425.000000,352.378739 
430.000000,352.457796 
435.000000,352.536853 
440.000000,352.615910 
445.000000,352.694967 
450.000000,352.774024 
455.000000,352.853081 
460.000000,352.932138 
465.000000,353.011195 
470.000000,353.090252 
475.000000,353.169309 
480.000000,353.248366 
485.000000,353.327423 
490.000000,353.406479 
495.000000,353.485536 
500.000000,353.564593 
505.000000,353.643650 
510.000000,353.722707 
515.000000,353.801764 
520.000000,353.880821 
525.000000,353.959878 
530.000000,354.038935 
535.000000,354.117992 
540.000000,354.197049 
545.000000,354.276106 
550.000000,354.355163 
555.000000,354.434220 
560.000000,354.513277 
250.000000,354.592334 
255.000000,354.671391 
260.000000,354.750447 
265.000000,354.829504 
270.000000,354.908561 
275.000000,354.987618 
280.000000,355.066675 
285.000000,355.145732 
290.000000,355.224789 
295.000000,355.303846 
300.000000,355.382903 
305.000000,355.461960 
310.000000,355.541017 
315.000000,355.620074 
320.000000,355.699131 
325.000000,355.778188 
330.000000,355.857245 
335.000000,355.936302 
340.000000,356.015359 
345.000000,356.094415 
350.000000,356.173472 
355.000000,356.252529 
360.000000,356.331586 
365.000000,356.410643 
370.000000,356.489700 
375.000000,356.568757 
380.000000,356.647814 
385.000000,356.726871 
390.000000,356.805928 
395.000000,356.884985 
400.000000,356.964042 
405.000000,357.043099 
410.000000,357.122156 
415.000000,357.201213 
420.000000,357.280270 
425.000000,357.359327 
430.000000,357.438384 
435.000000,357.517440 
440.000000,357.596497 
445.000000,357.675554 
450.000000,357.754611 
455.000000,357.833668 
460.000000,357.912725 
465.000000,357.991782 
470.000000,358.070839 
475.000000,358.149896 
480.000000,358.228953 
485.000000,358.308010 
490.000000,358.387067 
495.000000,358.466124 
500.000000,358.545181 
505.000000,358.624238 
510.000000,358.703295 
515.000000,358.782352 
520.000000,358.861408 
525.000000,358.940465 
530.000000,359.019522 
535.000000,359.098579 
540.000000,359.177636 
545.000000,359.256693 
550.000000,359.335750 
555.000000,359.414807 
560.000000,359.493864 
250.000000,359.572921 
255.000000,359.651978 
260.000000,359.731035 
265.000000,359.810092 
270.000000,359.889149 
275.000000,359.968206 
280.000000,360.047263 
285.000000,360.126320 
290.000000,360.205376 
295.000000,360.284433 
300.000000,360.363490 
305.000000,360.442547 
310.000000,360.521604 
315.000000,360.600661 
320.000000,360.679718 
325.000000,360.758775 
330.000000,360.837832 
335.000000,360.916889 
340.000000,360.995946 
345.000000,361.075003 
350.000000,361.154060 
355.000000,361.233117 
360.000000,361.312174 
365.000000,361.391231 
370.000000,361.470288 
375.000000,361.549344 
380.000000,361.628401 
385.000000,361.707458 
390.000000,361.786515 
395.000000,361.865572 
400.000000,361.944629 
405.000000,362.023686 
410.000000,362.102743 
415.000000,362.181800 
420.000000,362.260857 
425.000000,362.339914 
430.000000,362.418971 
435.000000,362.498028 
440.000000,362.577085 
445.000000,362.656142 
450.000000,362.735199 
455.000000,362.814256 
460.000000,362.893312 
465.000000,362.972369 
470.000000,363.051426 
475.000000,363.130483 
480.000000,363.209540 
485.000000,363.288597 
490.000000,363.367654 
495.000000,363.446711 
500.000000,363.525768 
505.000000,363.604825 
510.000000,363.683882 
515.000000,363.762939 
520.000000,363.841996 
525.000000,363.921053 
530.000000,364.000110 
535.000000,364.079167 
540.000000,364.158224 
545.000000,364.237280 
550.000000,364.316337 
555.000000,364.395394 
560.000000,364.474451 
250.000000,364.553508 
255.000000,364.632565 
260.000000,364.711622 
265.000000,364.790679 
270.000000,364.869736 
275.000000,364.948793 
280.000000,365.027850 
285.000000,365.106907 
290.000000,365.185964 
295.000000,365.265021 
300.000000,365.344078 
305.000000,365.423135 
310.000000,365.502192 
315.000000,365.581248 
320.000000,365.660305 
325.000000,365.739362 
330.000000,365.818419 
335.000000,365.897476 
340.000000,365.976533 
345.000000,366.055590 
350.000000,366.134647 
355.000000,366.213704 
360.000000,366.292761 
365.000000,366.371818 
370.000000,366.450875 
375.000000,366.529932 
380.000000,366.608989 
385.000000,366.688046 
390.000000,366.767103 
395.000000,366.846160 
400.000000,366.925216 
405.000000,367.004273 
410.000000,367.083330 
415.000000,367.162387 
420.000000,367.241444 
425.000000,367.320501 
430.000000,367.399558 
435.000000,367.478615 
440.000000,367.557672 
445.000000,367.636729 
450.000000,367.715786 
455.000000,367.794843 
460.000000,367.873900 
465.000000,367.952957 
470.000000,368.032014 
475.000000,368.111071 
480.000000,368.190128 
485.000000,368.269184 
490.000000,368.348241 
495.000000,368.427298 
500.000000,368.506355 
505.000000,368.585412 
510.000000,368.664469 
515.000000,368.743526 
520.000000,368.822583 
525.000000,368.901640 
530.000000,368.980697 
535.000000,369.059754 
540.000000,369.138811 
545.000000,369.217868 
550.000000,369.296925 
555.000000,369.375982 
560.000000,369.455039 
250.000000,369.534096 
255.000000,369.613152 
260.000000,369.692209 
265.000000,369.771266 
270.000000,369.850323 
275.000000,369.929380 
280.000000,370.008437 
285.000000,370.087494 
290.000000,370.166551 
295.000000,370.245608 
300.000000,370.324665 
305.000000,370.403722 
310.000000,370.482779 
315.000000,370.561836 
320.000000,370.640893 
325.000000,370.719950 
330.000000,370.799007 
335.000000,370.878064 
340.000000,370.957121 
345.000000,371.036177 
350.000000,371.115234 
355.000000,371.194291 
360.000000,371.273348 
365.000000,371.352405 
370.000000,371.431462 
375.000000,371.510519 
380.000000,371.589576 
385.000000,371.668633 
390.000000,371.747690 
395.000000,371.826747 
400.000000,371.905804 
405.000000,371.984861 
410.000000,372.063918 
415.000000,372.142975 
420.000000,372.222032 
425.000000,372.301089 
430.000000,372.380145 
435.000000,372.459202 
440.000000,372.538259 
445.000000,372.617316 
450.000000,372.696373 
455.000000,372.775430 
460.000000,372.854487 
465.000000,372.933544 
470.000000,373.012601 
475.000000,373.091658 
480.000000,373.170715 
485.000000,373.249772 
490.000000,373.328829 
495.000000,373.407886 
500.000000,373.486943 
505.000000,373.566000 
510.000000,373.645057 
515.000000,373.724113 
520.000000,373.803170 
525.000000,373.882227 
530.000000,373.961284 
535.000000,374.040341 
540.000000,374.119398 
545.000000,374.198455 
550.000000,374.277512 
555.000000,374.356569 
560.000000,374.435626 
250.000000,374.514683 
255.000000,374.593740 
260.000000,374.672797 
265.000000,374.751854 
270.000000,374.830911 
275.000000,374.909968 
280.000000,374.989025 
285.000000,375.068081 
290.000000,375.147138 
295.000000,375.226195 
300.000000,375.305252 
305.000000,375.384309 
310.000000,375.463366 
315.000000,375.542423 
320.000000,375.621480 
325.000000,375.700537 
330.000000,375.779594 
335.000000,375.858651 
340.000000,375.937708 
345.000000,376.016765 
350.000000,376.095822 
355.000000,376.174879 
360.000000,376.253936 
365.000000,376.332993 
370.000000,376.412049 
375.000000,376.491106 
380.000000,376.570163 
385.000000,376.649220 
390.000000,376.728277 
395.000000,376.807334 
400.000000,376.886391 
405.000000,376.965448 
410.000000,377.044505 
415.000000,377.123562 
420.000000,377.202619 
425.000000,377.281676 
430.000000,377.360733 
435.000000,377.439790 
440.000000,377.518847 
445.000000,377.597904 
450.000000,377.676961 
455.000000,377.756017 
460.000000,377.835074 
465.000000,377.914131 
470.000000,377.993188 
475.000000,378.072245 
480.000000,378.151302 
485.000000,378.230359 
490.000000,378.309416 
495.000000,378.388473 
500.000000,378.467530 
505.000000,378.546587 
510.000000,378.625644 
515.000000,378.704701 
520.000000,378.783758 
525.000000,378.862815 
530.000000,378.941872 
535.000000,379.020929 
540.000000,379.099985 
545.000000,379.179042 
550.000000,379.258099 
555.000000,379.337156 
560.000000,379.416213 
250.000000,379.495270 
255.000000,379.574327 
260.000000,379.653384 
265.000000,379.732441 
270.000000,379.811498 
275.000000,379.890555 
280.000000,379.969612 
285.000000,380.048669 
290.000000,380.127726 
295.000000,380.206783 
300.000000,380.285840 
305.000000,380.364897 
310.000000,380.443953 
315.000000,380.523010 
320.000000,380.602067 
325.000000,380.681124 
330.000000,380.760181 
335.000000,380.839238 
340.000000,380.918295 
345.000000,380.997352 
350.000000,381.076409 
355.000000,381.155466 
360.000000,381.234523 
365.000000,381.313580 
370.000000,381.392637 
375.000000,381.471694 
380.000000,381.550751 
385.000000,381.629808 
390.000000,381.708865 
395.000000,381.787921 
400.000000,381.866978 
405.000000,381.946035 
410.000000,382.025092 
415.000000,382.104149 
420.000000,382.183206 
425.000000,382.262263 
430.000000,382.341320 
435.000000,382.420377 
440.000000,382.499434 
445.000000,382.578491 
450.000000,382.657548 
455.000000,382.736605 
460.000000,382.815662 
465.000000,382.894719 
470.000000,382.973776 
475.000000,383.052833 
480.000000,383.131889 
485.000000,383.210946 
490.000000,383.290003 
495.000000,383.369060 
500.000000,383.448117 
505.000000,383.527174 
510.000000,383.606231 
515.000000,383.685288 
520.000000,383.764345 
525.000000,383.843402 
530.000000,383.922459 
535.000000,384.001516 
540.000000,384.080573 
545.000000,384.159630 
550.000000,384.238687 
555.000000,384.317744 
560.000000,384.396801 
250.000000,384.475857 
255.000000,384.554914 
260.000000,384.633971 
265.000000,384.713028 
270.000000,384.792085 
275.000000,384.871142 
280.000000,384.950199 
285.000000,385.029256 
290.000000,385.108313 
295.000000,385.187370 
300.000000,385.266427 
305.000000,385.345484 
310.000000,385.424541 
315.000000,385.503598 
320.000000,385.582655 
325.000000,385.661712 
330.000000,385.740769 
335.000000,385.819826 
340.000000,385.898882 
345.000000,385.977939 
350.000000,386.056996 
355.000000,386.136053 
360.000000,386.215110 
365.000000,386.294167 
370.000000,386.373224 
375.000000,386.452281 
380.000000,386.531338 
385.000000,386.610395 
390.000000,386.689452 
395.000000,386.768509 
400.000000,386.847566 
405.000000,386.926623 
410.000000,387.005680 
415.000000,387.084737 
420.000000,387.163794 
425.000000,387.242850 
430.000000,387.321907 
435.000000,387.400964 
440.000000,387.480021 
445.000000,387.559078 
450.000000,387.638135 
455.000000,387.717192 
460.000000,387.796249 
465.000000,387.875306 
470.000000,387.954363 
475.000000,388.033420 
480.000000,388.112477 
485.000000,388.191534 
490.000000,388.270591 
495.000000,388.349648 
500.000000,388.428705 
505.000000,388.507762 
510.000000,388.586818 
515.000000,388.665875 
520.000000,388.744932 
525.000000,388.823989 
530.000000,388.903046 
535.000000,388.982103 
540.000000,389.061160 
545.000000,389.140217 
550.000000,389.219274 
555.000000,389.298331 
560.000000,389.377388 
250.000000,389.456445 
255.000000,389.535502 
260.000000,389.614559 
265.000000,389.693616 
270.000000,389.772673 
275.000000,389.851730 
280.000000,389.930786 
285.000000,390.009843 
290.000000,390.088900 
295.000000,390.167957 
300.000000,390.247014 
305.000000,390.326071 
310.000000,390.405128 
315.000000,390.484185 
320.000000,390.563242 
325.000000,390.642299 
330.000000,390.721356 
335.000000,390.800413 
340.000000,390.879470 
345.000000,390.958527 
350.000000,391.037584 
355.000000,391.116641 
360.000000,391.195698 
365.000000,391.274754 
370.000000,391.353811 
375.000000,391.432868 
380.000000,391.511925 
385.000000,391.590982 
390.000000,391.670039 
395.000000,391.749096 
400.000000,391.828153 
405.000000,391.907210 
410.000000,391.986267 
415.000000,392.065324 
420.000000,392.144381 
425.000000,392.223438 
430.000000,392.302495 
435.000000,392.381552 
440.000000,392.460609 
445.000000,392.539666 
450.000000,392.618722 
455.000000,392.697779 
460.000000,392.776836 
465.000000,392.855893 
470.000000,392.934950 
475.000000,393.014007 
480.000000,393.093064 
485.000000,393.172121 
490.000000,393.251178 
495.000000,393.330235 
500.000000,393.409292 
505.000000,393.488349 
510.000000,393.567406 
515.000000,393.646463 
520.000000,393.725520 
525.000000,393.804577 
530.000000,393.883634 
535.000000,393.962690 
540.000000,394.041747 
545.000000,394.120804 
550.000000,394.199861 
555.000000,394.278918 
560.000000,394.357975 
250.000000,394.437032 
255.000000,394.516089 
260.000000,394.595146 
265.000000,394.674203 
270.000000,394.753260 
275.000000,394.832317 
280.000000,394.911374 
285.000000,394.990431 
290.000000,395.069488 
295.000000,395.148545 
300.000000,395.227602 
305.000000,395.306658 
310.000000,395.385715 
315.000000,395.464772 
320.000000,395.543829 
325.000000,395.622886 
330.000000,395.701943 
335.000000,395.781000 
340.000000,395.860057 
345.000000,395.939114 
350.000000,396.018171 
355.000000,396.097228 
360.000000,396.176285 
365.000000,396.255342 
370.000000,396.334399 
375.000000,396.413456 
380.000000,396.492513 
385.000000,396.571570 
390.000000,396.650626 
395.000000,396.729683 
400.000000,396.808740 
405.000000,396.887797 
410.000000,396.966854 
415.000000,397.045911 
420.000000,397.124968 
425.000000,397.204025 
430.000000,397.283082 
435.000000,397.362139 
440.000000,397.441196 
445.000000,397.520253 
450.000000,397.599310 
455.000000,397.678367 
460.000000,397.757424 
465.000000,397.836481 
470.000000,397.915538 
475.000000,397.994594 
480.000000,398.073651 
485.000000,398.152708 
490.000000,398.231765 
495.000000,398.310822 
500.000000,398.389879 
505.000000,398.468936 
510.000000,398.547993 
515.000000,398.627050 
520.000000,398.706107 
525.000000,398.785164 
530.000000,398.864221 
535.000000,398.943278 
540.000000,399.022335 
545.000000,399.101392 
550.000000,399.180449 
555.000000,399.259506 
560.000000,399.338563 
250.000000,399.417619 
255.000000,399.496676 
260.000000,399.575733 
265.000000,399.654790 
270.000000,399.733847 
275.000000,399.812904 
280.000000,399.891961 
285.000000,399.971018 
290.000000,400.050075 
295.000000,400.129132 
300.000000,400.208189 
305.000000,400.287246 
310.000000,400.366303 
315.000000,400.445360 
320.000000,400.524417 
325.000000,400.603474 
330.000000,400.682531 
335.000000,400.761587 
340.000000,400.840644 
345.000000,400.919701 
350.000000,400.998758 
355.000000,401.077815 
360.000000,401.156872 
365.000000,401.235929 
370.000000,401.314986 
375.000000,401.394043 
380.000000,401.473100 
385.000000,401.552157 
390.000000,401.631214 
395.000000,401.710271 
400.000000,401.789328 
405.000000,401.868385 
410.000000,401.947442 
415.000000,402.026499 
420.000000,402.105555 
425.000000,402.184612 
430.000000,402.263669 
435.000000,402.342726 
440.000000,402.421783 
445.000000,402.500840 
450.000000,402.579897 
455.000000,402.658954 
460.000000,402.738011 
465.000000,402.817068 
470.000000,402.896125 
475.000000,402.975182 
480.000000,403.054239 
485.000000,403.133296 
490.000000,403.212353 
495.000000,403.291410 
500.000000,403.370467 
505.000000,403.449523 
510.000000,403.528580 
515.000000,403.607637 
520.000000,403.686694 
525.000000,403.765751 
530.000000,403.844808 
535.000000,403.923865 
540.000000,404.002922 
545.000000,404.081979 
550.000000,404.161036 
555.000000,404.240093 
560.000000,404.319150 
250.000000,404.398207 
255.000000,404.477264 
260.000000,404.556321 
265.000000,404.635378 
270.000000,404.714435 
275.000000,404.793491 
280.000000,404.872548 
285.000000,404.951605 
290.000000,405.030662 
295.000000,405.109719 
300.000000,405.188776 
305.000000,405.267833 
310.000000,405.346890 
315.000000,405.425947 
320.000000,405.505004 
325.000000,405.584061 
330.000000,405.663118 
335.000000,405.742175 
340.000000,405.821232 
345.000000,405.900289 
350.000000,405.979346 
355.000000,406.058403 
360.000000,406.137459 
365.000000,406.216516 
370.000000,406.295573 
375.000000,406.374630 
380.000000,406.453687 
385.000000,406.532744 
390.000000,406.611801 
395.000000,406.690858 
400.000000,406.769915 
405.000000,406.848972 
410.000000,406.928029 
415.000000,407.007086 
420.000000,407.086143 
425.000000,407.165200 
430.000000,407.244257 
435.000000,407.323314 
440.000000,407.402371 
445.000000,407.481427 
450.000000,407.560484 
455.000000,407.639541 
460.000000,407.718598 
465.000000,407.797655 
470.000000,407.876712 
475.000000,407.955769 
480.000000,408.034826 
485.000000,408.113883 
490.000000,408.192940 
495.000000,408.271997 
500.000000,408.351054 
505.000000,408.430111 
510.000000,408.509168 
515.000000,408.588225 
520.000000,408.667282 
525.000000,408.746339 
530.000000,408.825395 
535.000000,408.904452 
540.000000,408.983509 
545.000000,409.062566 
550.000000,409.141623 
555.000000,409.220680 
560.000000,409.299737 
250.000000,409.378794 
255.000000,409.457851 
260.000000,409.536908 
265.000000,409.615965 
270.000000,409.695022 
275.000000,409.774079 
280.000000,409.853136 
285.000000,409.932193 
290.000000,410.011250 
295.000000,410.090307 
300.000000,410.169363 
305.000000,410.248420 
310.000000,410.327477 
315.000000,410.406534 
320.000000,410.485591 
325.000000,410.564648 
330.000000,410.643705 
335.000000,410.722762 
340.000000,410.801819 
345.000000,410.880876 
350.000000,410.959933 
355.000000,411.038990 
360.000000,411.118047 
365.000000,411.197104 
370.000000,411.276161 
375.000000,411.355218 
380.000000,411.434275 
385.000000,411.513331 
390.000000,411.592388 
395.000000,411.671445 
400.000000,411.750502 
405.000000,411.829559 
410.000000,411.908616 
415.000000,411.987673 
420.000000,412.066730 
425.000000,412.145787 
430.000000,412.224844 
435.000000,412.303901 
440.000000,412.382958 
445.000000,412.462015 
450.000000,412.541072 
455.000000,412.620129 
460.000000,412.699186 
465.000000,412.778243 
470.000000,412.857299 
475.000000,412.936356 
480.000000,413.015413 
485.000000,413.094470 
490.000000,413.173527 
495.000000,413.252584 
500.000000,413.331641 
505.000000,413.410698 
510.000000,413.489755 
515.000000,413.568812 
520.000000,413.647869 
525.000000,413.726926 
530.000000,413.805983 
535.000000,413.885040 
540.000000,413.964097 
545.000000,414.043154 
550.000000,414.122211 
555.000000,414.201268 
560.000000,414.280324 
250.000000,414.359381 
255.000000,414.438438 
260.000000,414.517495 
265.000000,414.596552 
270.000000,414.675609 
275.000000,414.754666 
280.000000,414.833723 
285.000000,414.912780 
290.000000,414.991837 
295.000000,415.070894 
300.000000,415.149951 
305.000000,415.229008 
310.000000,415.308065 
315.000000,415.387122 
320.000000,415.466179 
325.000000,415.545236 
330.000000,415.624292 
335.000000,415.703349 
340.000000,415.782406 
345.000000,415.861463 
350.000000,415.940520 
355.000000,416.019577 
360.000000,416.098634 
365.000000,416.177691 
370.000000,416.256748 
375.000000,416.335805 
380.000000,416.414862 
385.000000,416.493919 
390.000000,416.572976 
395.000000,416.652033 
400.000000,416.731090 
405.000000,416.810147 
410.000000,416.889204 
415.000000,416.968260 
420.000000,417.047317 
425.000000,417.126374 
430.000000,417.205431 
435.000000,417.284488 
440.000000,417.363545 
445.000000,417.442602 
450.000000,417.521659 
455.000000,417.600716 
460.000000,417.679773 
465.000000,417.758830 
470.000000,417.837887 
475.000000,417.916944 
480.000000,417.996001 
485.000000,418.075058 
490.000000,418.154115 
495.000000,418.233172 
500.000000,418.312228 
505.000000,418.391285 
510.000000,418.470342 
515.000000,418.549399 
520.000000,418.628456 
525.000000,418.707513 
530.000000,418.786570 
535.000000,418.865627 
540.000000,418.944684 
545.000000,419.023741 
550.000000,419.102798 
555.000000,419.181855 
560.000000,419.260912 
250.000000,419.339969 
255.000000,419.419026 
260.000000,419.498083 
265.000000,419.577140 
270.000000,419.656196 
275.000000,419.735253 
280.000000,419.814310 
285.000000,419.893367 
290.000000,419.972424 
295.000000,420.051481 
300.000000,420.130538 
305.000000,420.209595 
310.000000,420.288652 
315.000000,420.367709 
320.000000,420.446766 
325.000000,420.525823 
330.000000,420.604880 
335.000000,420.683937 
340.000000,420.762994 
345.000000,420.842051 
350.000000,420.921108 
355.000000,421.000164 
360.000000,421.079221 
365.000000,421.158278 
370.000000,421.237335 
375.000000,421.316392 
380.000000,421.395449 
385.000000,421.474506 
390.000000,421.553563 
395.000000,421.632620 
400.000000,421.711677 
405.000000,421.790734 
410.000000,421.869791 
415.000000,421.948848 
420.000000,422.027905 
425.000000,422.106962 
430.000000,422.186019 
435.000000,422.265076 
440.000000,422.344132 
445.000000,422.423189 
450.000000,422.502246 
455.000000,422.581303 
460.000000,422.660360 
465.000000,422.739417 
470.000000,422.818474 
475.000000,422.897531 
480.000000,422.976588 
485.000000,423.055645 
490.000000,423.134702 
495.000000,423.213759 
500.000000,423.292816 
505.000000,423.371873 
510.000000,423.450930 
515.000000,423.529987 
520.000000,423.609044 
525.000000,423.688100 
530.000000,423.767157 
535.000000,423.846214 
540.000000,423.925271 
545.000000,424.004328 
550.000000,424.083385 
555.000000,424.162442 
560.000000,424.241499 
250.000000,424.320556 
255.000000,424.399613 
260.000000,424.478670 
265.000000,424.557727 
270.000000,424.636784 
275.000000,424.715841 
280.000000,424.794898 
285.000000,424.873955 
290.000000,424.953012 
295.000000,425.032068 
300.000000,425.111125 
305.000000,425.190182 
310.000000,425.269239 
315.000000,425.348296 
320.000000,425.427353 
325.000000,425.506410 
330.000000,425.585467 
335.000000,425.664524 
340.000000,425.743581 
345.000000,425.822638 
350.000000,425.901695 
355.000000,425.980752 
360.000000,426.059809 
365.000000,426.138866 
370.000000,426.217923 
375.000000,426.296980 
380.000000,426.376036 
385.000000,426.455093 
390.000000,426.534150 
395.000000,426.613207 
400.000000,426.692264 
405.000000,426.771321 
410.000000,426.850378 
415.000000,426.929435 
420.000000,427.008492 
425.000000,427.087549 
430.000000,427.166606 
435.000000,427.245663 
440.000000,427.324720 
445.000000,427.403777 
450.000000,427.482834 
455.000000,427.561891 
460.000000,427.640948 
465.000000,427.720005 
470.000000,427.799061 
475.000000,427.878118 
480.000000,427.957175 
485.000000,428.036232 
490.000000,428.115289 
495.000000,428.194346 
500.000000,428.273403 
505.000000,428.352460 
510.000000,428.431517 
515.000000,428.510574 
520.000000,428.589631 
525.000000,428.668688 
530.000000,428.747745 
535.000000,428.826802 
540.000000,428.905859 
545.000000,428.984916 
550.000000,429.063973 
555.000000,429.143029 
560.000000,429.222086 
250.000000,429.301143 
255.000000,429.380200 
260.000000,429.459257 
265.000000,429.538314 
270.000000,429.617371 
275.000000,429.696428 
280.000000,429.775485 
285.000000,429.854542 
290.000000,429.933599 
295.000000,430.012656 
300.000000,430.091713 
305.000000,430.170770 
310.000000,430.249827 
315.000000,430.328884 
320.000000,430.407941 
325.000000,430.486997 
330.000000,430.566054 
335.000000,430.645111 
340.000000,430.724168 
345.000000,430.803225 
350.000000,430.882282 
355.000000,430.961339 
360.000000,431.040396 
365.000000,431.119453 
370.000000,431.198510 
375.000000,431.277567 
380.000000,431.356624 
385.000000,431.435681 
390.000000,431.514738 
395.000000,431.593795 
400.000000,431.672852 
405.000000,431.751909 
410.000000,431.830965 
415.000000,431.910022 
420.000000,431.989079 
425.000000,432.068136 
430.000000,432.147193 
435.000000,432.226250 
440.000000,432.305307 
445.000000,432.384364 
450.000000,432.463421 
455.000000,432.542478 
460.000000,432.621535 
465.000000,432.700592 
470.000000,432.779649 
475.000000,432.858706 
480.000000,432.937763 
485.000000,433.016820 
490.000000,433.095877 
495.000000,433.174933 
500.000000,433.253990 
505.000000,433.333047 
510.000000,433.412104 
515.000000,433.491161 
520.000000,433.570218 
525.000000,433.649275 
530.000000,433.728332 
535.000000,433.807389 
540.000000,433.886446 
545.000000,433.965503 
550.000000,434.044560 
555.000000,434.123617 
560.000000,434.202674 
250.000000,434.281731 
255.000000,434.360788 
260.000000,434.439845 
265.000000,434.518901 
270.000000,434.597958 
275.000000,434.677015 
280.000000,434.756072 
285.000000,434.835129 
290.000000,434.914186 
295.000000,434.993243 
300.000000,435.072300 
305.000000,435.151357 
310.000000,435.230414 
315.000000,435.309471 
320.000000,435.388528 
325.000000,435.467585 
330.000000,435.546642 
335.000000,435.625699 
340.000000,435.704756 
345.000000,435.783813 
350.000000,435.862869 
355.000000,435.941926 
360.000000,436.020983 
365.000000,436.100040 
370.000000,436.179097 
375.000000,436.258154 
380.000000,436.337211 
385.000000,436.416268 
390.000000,436.495325 
395.000000,436.574382 
400.000000,436.653439 
405.000000,436.732496 
410.000000,436.811553 
415.000000,436.890610 
420.000000,436.969667 
425.000000,437.048724 
430.000000,437.127781 
435.000000,437.206837 
440.000000,437.285894 
445.000000,437.364951 
450.000000,437.444008 
455.000000,437.523065 
460.000000,437.602122 
465.000000,437.681179 
470.000000,437.760236 
475.000000,437.839293 
480.000000,437.918350 
485.000000,437.997407 
490.000000,438.076464 
495.000000,438.155521 
500.000000,438.234578 
505.000000,438.313635 
510.000000,438.392692 
515.000000,438.471749 
520.000000,438.550805 
525.000000,438.629862 
530.000000,438.708919 
535.000000,438.787976 
540.000000,438.867033 
545.000000,438.946090 
550.000000,439.025147 
555.000000,439.104204 
560.000000,439.183261 
250.000000,439.262318 
255.000000,439.341375 
260.000000,439.420432 
265.000000,439.499489 
270.000000,439.578546 
275.000000,439.657603 
280.000000,439.736660 
285.000000,439.815717 
290.000000,439.894773 
295.000000,439.973830 
300.000000,440.052887 
305.000000,440.131944 
310.000000,440.211001 
315.000000,440.290058 
320.000000,440.369115 
325.000000,440.448172 
330.000000,440.527229 
335.000000,440.606286 
340.000000,440.685343 
345.000000,440.764400 
350.000000,440.843457 
355.000000,440.922514 
360.000000,441.001571 
365.000000,441.080628 
370.000000,441.159685 
375.000000,441.238741 
380.000000,441.317798 
385.000000,441.396855 
390.000000,441.475912 
395.000000,441.554969 
400.000000,441.634026 
405.000000,441.713083 
410.000000,441.792140 
415.000000,441.871197 
420.000000,441.950254 
425.000000,442.029311 
430.000000,442.108368 
435.000000,442.187425 
440.000000,442.266482 
445.000000,442.345539 
450.000000,442.424596 
455.000000,442.503653 
460.000000,442.582710 
465.000000,442.661766 
470.000000,442.740823 
475.000000,442.819880 
480.000000,442.898937 
485.000000,442.977994 
490.000000,443.057051 
495.000000,443.136108 
500.000000,443.215165 
505.000000,443.294222 
510.000000,443.373279 
515.000000,443.452336 
520.000000,443.531393 
525.000000,443.610450 
530.000000,443.689507 
535.000000,443.768564 
540.000000,443.847621 
545.000000,443.926678 
550.000000,444.005734 
555.000000,444.084791 
560.000000,444.163848 
250.000000,444.242905 
255.000000,444.321962 
260.000000,444.401019 
265.000000,444.480076 
270.000000,444.559133 
275.000000,444.638190 
280.000000,444.717247 
285.000000,444.796304 
290.000000,444.875361 
295.000000,444.954418 
300.000000,445.033475 
305.000000,445.112532 
310.000000,445.191589 
315.000000,445.270646 
320.000000,445.349702 
325.000000,445.428759 
330.000000,445.507816 
335.000000,445.586873 
340.000000,445.665930 
345.000000,445.744987 
350.000000,445.824044 
355.000000,445.903101 
360.000000,445.982158 
365.000000,446.061215 
370.000000,446.140272 
375.000000,446.219329 
380.000000,446.298386 
385.000000,446.377443 
390.000000,446.456500 
395.000000,446.535557 
400.000000,446.614614 
405.000000,446.693670 
410.000000,446.772727 
415.000000,446.851784 
420.000000,446.930841 
425.000000,447.009898 
430.000000,447.088955 
435.000000,447.168012 
440.000000,447.247069 
445.000000,447.326126 
450.000000,447.405183 
455.000000,447.484240 
460.000000,447.563297 
465.000000,447.642354 
470.000000,447.721411 
475.000000,447.800468 
480.000000,447.879525 
485.000000,447.958582 
490.000000,448.037638 
495.000000,448.116695 
500.000000,448.195752 
505.000000,448.274809 
510.000000,448.353866 
515.000000,448.432923 
520.000000,448.511980 
525.000000,448.591037 
530.000000,448.670094 
535.000000,448.749151 
540.000000,448.828208 
545.000000,448.907265 
550.000000,448.986322 
555.000000,449.065379 
560.000000,449.144436 
250.000000,449.223493 
255.000000,449.302550 
260.000000,449.381606 
265.000000,449.460663 
270.000000,449.539720 
275.000000,449.618777 
280.000000,449.697834 
285.000000,449.776891 
290.000000,449.855948 
295.000000,449.935005 
300.000000,450.014062 
305.000000,450.093119 
310.000000,450.172176 
315.000000,450.251233 
320.000000,450.330290 
325.000000,450.409347 
330.000000,450.488404 
335.000000,450.567461 
340.000000,450.646518 
345.000000,450.725574 
350.000000,450.804631 
355.000000,450.883688 
360.000000,450.962745 
365.000000,451.041802 
370.000000,451.120859 
375.000000,451.199916 
380.000000,451.278973 
385.000000,451.358030 
390.000000,451.437087 
395.000000,451.516144 
400.000000,451.595201 
405.000000,451.674258 
410.000000,451.753315 
415.000000,451.832372 
420.000000,451.911429 
425.000000,451.990486 
430.000000,452.069542 
435.000000,452.148599 
440.000000,452.227656 
445.000000,452.306713 
450.000000,452.385770 
455.000000,452.464827 
460.000000,452.543884 
465.000000,452.622941 
470.000000,452.701998 
475.000000,452.781055 
480.000000,452.860112 
485.000000,452.939169 
490.000000,453.018226 
495.000000,453.097283 
500.000000,453.176340 
505.000000,453.255397 
510.000000,453.334454 
515.000000,453.413510 
520.000000,453.492567 
525.000000,453.571624 
530.000000,453.650681 
535.000000,453.729738 
540.000000,453.808795 
545.000000,453.887852 
550.000000,453.966909 
555.000000,454.045966 
560.000000,454.125023 
250.000000,454.204080 
255.000000,454.283137 
260.000000,454.362194 
265.000000,454.441251 
270.000000,454.520308 
275.000000,454.599365 
280.000000,454.678422 
285.000000,454.757478 
290.000000,454.836535 
295.000000,454.915592 
300.000000,454.994649 
305.000000,455.073706 
310.000000,455.152763 
315.000000,455.231820 
320.000000,455.310877 
325.000000,455.389934 
330.000000,455.468991 
335.000000,455.548048 
340.000000,455.627105 
345.000000,455.706162 
350.000000,455.785219 
355.000000,455.864276 
360.000000,455.943333 
365.000000,456.022390 
370.000000,456.101447 
375.000000,456.180503 
380.000000,456.259560 
385.000000,456.338617 
390.000000,456.417674 
395.000000,456.496731 
400.000000,456.575788 
405.000000,456.654845 
410.000000,456.733902 
415.000000,456.812959 
420.000000,456.892016 
425.000000,456.971073 
430.000000,457.050130 
435.000000,457.129187 
440.000000,457.208244 
445.000000,457.287301 
450.000000,457.366358 
455.000000,457.445415 
460.000000,457.524471 
465.000000,457.603528 
470.000000,457.682585 
475.000000,457.761642 
480.000000,457.840699 
485.000000,457.919756 
490.000000,457.998813 
495.000000,458.077870 
500.000000,458.156927 
505.000000,458.235984 
510.000000,458.315041 
515.000000,458.394098 
520.000000,458.473155 
525.000000,458.552212 
530.000000,458.631269 
535.000000,458.710326 
540.000000,458.789383 
545.000000,458.868439 
550.000000,458.947496 
555.000000,459.026553 
560.000000,459.105610 
250.000000,459.184667 
255.000000,459.263724 
260.000000,459.342781 
265.000000,459.421838 
270.000000,459.500895 
275.000000,459.579952 
280.000000,459.659009 
285.000000,459.738066 
290.000000,459.817123 
295.000000,459.896180 
300.000000,459.975237 
305.000000,460.054294 
310.000000,460.133351 
315.000000,460.212407 
320.000000,460.291464 
325.000000,460.370521 
330.000000,460.449578 
335.000000,460.528635 
340.000000,460.607692 
345.000000,460.686749 
350.000000,460.765806 
355.000000,460.844863 
360.000000,460.923920 
365.000000,461.002977 
370.000000,461.082034 
375.000000,461.161091 
380.000000,461.240148 
385.000000,461.319205 
390.000000,461.398262 
395.000000,461.477319 
400.000000,461.556375 
405.000000,461.635432 
410.000000,461.714489 
415.000000,461.793546 
420.000000,461.872603 
425.000000,461.951660 
430.000000,462.030717 
435.000000,462.109774 
440.000000,462.188831 
445.000000,462.267888 
450.000000,462.346945 
455.000000,462.426002 
460.000000,462.505059 
465.000000,462.584116 
470.000000,462.663173 
475.000000,462.742230 
480.000000,462.821287 
485.000000,462.900343 
490.000000,462.979400 
495.000000,463.058457 
500.000000,463.137514 
505.000000,463.216571 
510.000000,463.295628 
515.000000,463.374685 
520.000000,463.453742 
525.000000,463.532799 
530.000000,463.611856 
535.000000,463.690913 
540.000000,463.769970 
545.000000,463.849027 
550.000000,463.928084 
555.000000,464.007141 
560.000000,464.086198 
250.000000,464.165255 
255.000000,464.244311 
260.000000,464.323368 
265.000000,464.402425 
270.000000,464.481482 
275.000000,464.560539 
280.000000,464.639596 
285.000000,464.718653 
290.000000,464.797710 
295.000000,464.876767 
300.000000,464.955824 
305.000000,465.034881 
310.000000,465.113938 
315.000000,465.192995 
320.000000,465.272052 
325.000000,465.351109 
330.000000,465.430166 
335.000000,465.509223 
340.000000,465.588279 
345.000000,465.667336 
350.000000,465.746393 
355.000000,465.825450 
360.000000,465.904507 
365.000000,465.983564 
370.000000,466.062621 
375.000000,466.141678 
380.000000,466.220735 
385.000000,466.299792 
390.000000,466.378849 
395.000000,466.457906 
400.000000,466.536963 
405.000000,466.616020 
410.000000,466.695077 
415.000000,466.774134 
420.000000,466.853191 
425.000000,466.932247 
430.000000,467.011304 
435.000000,467.090361 
440.000000,467.169418 
445.000000,467.248475 
450.000000,467.327532 
455.000000,467.406589 
460.000000,467.485646 
465.000000,467.564703 
470.000000,467.643760 
475.000000,467.722817 
480.000000,467.801874 
485.000000,467.880931 
490.000000,467.959988 
495.000000,468.039045 
500.000000,468.118102 
505.000000,468.197159 
510.000000,468.276215 
515.000000,468.355272 
520.000000,468.434329 
525.000000,468.513386 
530.000000,468.592443 
535.000000,468.671500 
540.000000,468.750557 
545.000000,468.829614 
550.000000,468.908671 
555.000000,468.987728 
560.000000,469.066785 
250.000000,469.145842 
255.000000,469.224899 
260.000000,469.303956 
265.000000,469.383013 
270.000000,469.462070 
275.000000,469.541127 
280.000000,469.620183 
285.000000,469.699240 
290.000000,469.778297 
295.000000,469.857354 
300.000000,469.936411 
305.000000,470.015468 
310.000000,470.094525 
315.000000,470.173582 
320.000000,470.252639 
325.000000,470.331696 
330.000000,470.410753 
335.000000,470.489810 
340.000000,470.568867 
345.000000,470.647924 
350.000000,470.726981 
355.000000,470.806038 
360.000000,470.885095 
365.000000,470.964152 
370.000000,471.043208 
375.000000,471.122265 
380.000000,471.201322 
385.000000,471.280379 
390.000000,471.359436 
395.000000,471.438493 
400.000000,471.517550 
405.000000,471.596607 
410.000000,471.675664 
415.000000,471.754721 
420.000000,471.833778 
425.000000,471.912835 
430.000000,471.991892 
435.000000,472.070949 
440.000000,472.150006 
445.000000,472.229063 
450.000000,472.308120 
455.000000,472.387176 
460.000000,472.466233 
465.000000,472.545290 
470.000000,472.624347 
475.000000,472.703404 
480.000000,472.782461 
485.000000,472.861518 
490.000000,472.940575 
495.000000,473.019632 
500.000000,473.098689 
505.000000,473.177746 
510.000000,473.256803 
515.000000,473.335860 
520.000000,473.414917 
525.000000,473.493974 
530.000000,473.573031 
535.000000,473.652088 
540.000000,473.731144 
545.000000,473.810201 
550.000000,473.889258 
555.000000,473.968315 
560.000000,474.047372 
250.000000,474.126429 
255.000000,474.205486 
260.000000,474.284543 
265.000000,474.363600 
270.000000,474.442657 
275.000000,474.521714 
280.000000,474.600771 
285.000000,474.679828 
290.000000,474.758885 
295.000000,474.837942 
300.000000,474.916999 
305.000000,474.996056 
310.000000,475.075112 
315.000000,475.154169 
320.000000,475.233226 
325.000000,475.312283 
330.000000,475.391340 
335.000000,475.470397 
340.000000,475.549454 
345.000000,475.628511 
350.000000,475.707568 
355.000000,475.786625 
360.000000,475.865682 
365.000000,475.944739 
370.000000,476.023796 
375.000000,476.102853 
380.000000,476.181910 
385.000000,476.260967 
390.000000,476.340024 
395.000000,476.419080 
400.000000,476.498137 
405.000000,476.577194 
410.000000,476.656251 
415.000000,476.735308 
420.000000,476.814365 
425.000000,476.893422 
430.000000,476.972479 
435.000000,477.051536 
440.000000,477.130593 
445.000000,477.209650 
450.000000,477.288707 
455.000000,477.367764 
460.000000,477.446821 
465.000000,477.525878 
470.000000,477.604935 
475.000000,477.683992 
480.000000,477.763048 
485.000000,477.842105 
490.000000,477.921162 
495.000000,478.000219 
500.000000,478.079276 
505.000000,478.158333 
510.000000,478.237390 
515.000000,478.316447 
520.000000,478.395504 
525.000000,478.474561 
530.000000,478.553618 
535.000000,478.632675 
540.000000,478.711732 
545.000000,478.790789 
550.000000,478.869846 
555.000000,478.948903 
560.000000,479.027960 
250.000000,479.107016 
255.000000,479.186073 
260.000000,479.265130 
265.000000,479.344187 
270.000000,479.423244 
275.000000,479.502301 
280.000000,479.581358 
285.000000,479.660415 
290.000000,479.739472 
295.000000,479.818529 
300.000000,479.897586 
305.000000,479.976643 
310.000000,480.055700 
315.000000,480.134757 
320.000000,480.213814 
325.000000,480.292871 
330.000000,480.371928 
335.000000,480.450984 
340.000000,480.530041 
345.000000,480.609098 
350.000000,480.688155 
355.000000,480.767212 
360.000000,480.846269 
365.000000,480.925326 
370.000000,481.004383 
375.000000,481.083440 
380.000000,481.162497 
385.000000,481.241554 
390.000000,481.320611 
395.000000,481.399668 
400.000000,481.478725 
405.000000,481.557782 
410.000000,481.636839 
415.000000,481.715896 
420.000000,481.794952 
425.000000,481.874009 
430.000000,481.953066 
435.000000,482.032123 
440.000000,482.111180 
445.000000,482.190237 
450.000000,482.269294 
455.000000,482.348351 
460.000000,482.427408 
465.000000,482.506465 
470.000000,482.585522 
475.000000,482.664579 
480.000000,482.743636 
485.000000,482.822693 
490.000000,482.901750 
495.000000,482.980807 
500.000000,483.059864 
505.000000,483.138920 
510.000000,483.217977 
515.000000,483.297034 
520.000000,483.376091 
525.000000,483.455148 
530.000000,483.534205 
535.000000,483.613262 
540.000000,483.692319 
545.000000,483.771376 
550.000000,483.850433 
555.000000,483.929490 
560.000000,484.008547 
250.000000,484.087604 
255.000000,484.166661 
260.000000,484.245718 
265.000000,484.324775 
270.000000,484.403832 
275.000000,484.482889 
280.000000,484.561945 
285.000000,484.641002 
290.000000,484.720059 
295.000000,484.799116 
300.000000,484.878173 
305.000000,484.957230 
310.000000,485.036287 
315.000000,485.115344 
320.000000,485.194401 
325.000000,485.273458 
330.000000,485.352515 
335.000000,485.431572 
340.000000,485.510629 
345.000000,485.589686 
350.000000,485.668743 
355.000000,485.747800 
360.000000,485.826857 
365.000000,485.905913 
370.000000,485.984970 
375.000000,486.064027 
380.000000,486.143084 
385.000000,486.222141 
390.000000,486.301198 
395.000000,486.380255 
400.000000,486.459312 
405.000000,486.538369 
410.000000,486.617426 
415.000000,486.696483 
420.000000,486.775540 
425.000000,486.854597 
430.000000,486.933654 
435.000000,487.012711 
440.000000,487.091768 
445.000000,487.170825 
450.000000,487.249881 
455.000000,487.328938 
460.000000,487.407995 
465.000000,487.487052 
470.000000,487.566109 
475.000000,487.645166 
480.000000,487.724223 
485.000000,487.803280 
490.000000,487.882337 
495.000000,487.961394 
500.000000,488.040451 
505.000000,488.119508 
510.000000,488.198565 
515.000000,488.277622 
520.000000,488.356679 
525.000000,488.435736 
530.000000,488.514793 
535.000000,488.593849 
540.000000,488.672906 
545.000000,488.751963 
550.000000,488.831020 
555.000000,488.910077 
560.000000,488.989134 
250.000000,489.068191 
255.000000,489.147248 
260.000000,489.226305 
265.000000,489.305362 
270.000000,489.384419 
275.000000,489.463476 
280.000000,489.542533 
285.000000,489.621590 
290.000000,489.700647 
295.000000,489.779704 
300.000000,489.858761 
305.000000,489.937817 
310.000000,490.016874 
315.000000,490.095931 
320.000000,490.174988 
325.000000,490.254045 
330.000000,490.333102 
335.000000,490.412159 
340.000000,490.491216 
345.000000,490.570273 
350.000000,490.649330 
355.000000,490.728387 
360.000000,490.807444 
365.000000,490.886501 
370.000000,490.965558 
375.000000,491.044615 
380.000000,491.123672 
385.000000,491.202729 
390.000000,491.281785 
395.000000,491.360842 
400.000000,491.439899 
405.000000,491.518956 
410.000000,491.598013 
415.000000,491.677070 
420.000000,491.756127 
425.000000,491.835184 
430.000000,491.914241 
435.000000,491.993298 
440.000000,492.072355 
445.000000,492.151412 
450.000000,492.230469 
455.000000,492.309526 
460.000000,492.388583 
465.000000,492.467640 
470.000000,492.546697 
475.000000,492.625753 
480.000000,492.704810 
485.000000,492.783867 
490.000000,492.862924 
495.000000,492.941981 
500.000000,493.021038 
505.000000,493.100095 
510.000000,493.179152 
515.000000,493.258209 
520.000000,493.337266 
525.000000,493.416323 
530.000000,493.495380 
535.000000,493.574437 
540.000000,493.653494 
545.000000,493.732551 
550.000000,493.811608 
555.000000,493.890665 
560.000000,493.969721 
250.000000,494.048778 
255.000000,494.127835 
260.000000,494.206892 
265.000000,494.285949 
270.000000,494.365006 
275.000000,494.444063 
280.000000,494.523120 
285.000000,494.602177 
290.000000,494.681234 
295.000000,494.760291 
300.000000,494.839348 
305.000000,494.918405 
310.000000,494.997462 
315.000000,495.076519 
320.000000,495.155576 
325.000000,495.234633 
330.000000,495.313689 
335.000000,495.392746 
340.000000,495.471803 
345.000000,495.550860 
350.000000,495.629917 
355.000000,495.708974 
360.000000,495.788031 
365.000000,495.867088 
370.000000,495.946145 
375.000000,496.025202 
380.000000,496.104259 
385.000000,496.183316 
390.000000,496.262373 
395.000000,496.341430 
400.000000,496.420487 
405.000000,496.499544 
410.000000,496.578601 
415.000000,496.657657 
420.000000,496.736714 
425.000000,496.815771 
430.000000,496.894828 
435.000000,496.973885 
440.000000,497.052942 
445.000000,497.131999 
450.000000,497.211056 
455.000000,497.290113 
460.000000,497.369170 
465.000000,497.448227 
470.000000,497.527284 
475.000000,497.606341 
480.000000,497.685398 
485.000000,497.764455 
490.000000,497.843512 
495.000000,497.922569 
500.000000,498.001625 
505.000000,498.080682 
510.000000,498.159739 
515.000000,498.238796 
520.000000,498.317853 
525.000000,498.396910 
530.000000,498.475967 
535.000000,498.555024 
540.000000,498.634081 
545.000000,498.713138 
550.000000,498.792195 
555.000000,498.871252 
560.000000,498.950309 
250.000000,499.029366 
255.000000,499.108423 
260.000000,499.187480 
265.000000,499.266537 
270.000000,499.345594 
275.000000,499.424650 
280.000000,499.503707 
285.000000,499.582764 
290.000000,499.661821 
295.000000,499.740878 
300.000000,499.819935 
305.000000,499.898992 
310.000000,499.978049 
315.000000,500.057106 
320.000000,500.136163 
325.000000,500.215220 
330.000000,500.294277 
335.000000,500.373334 
340.000000,500.452391 
345.000000,500.531448 
350.000000,500.610505 
355.000000,500.689562 
360.000000,500.768618 
365.000000,500.847675 
370.000000,500.926732 
375.000000,501.005789 
380.000000,501.084846 
385.000000,501.163903 
390.000000,501.242960 
395.000000,501.322017 
400.000000,501.401074 
405.000000,501.480131 
410.000000,501.559188 
415.000000,501.638245 
420.000000,501.717302 
425.000000,501.796359 
430.000000,501.875416 
435.000000,501.954473 
440.000000,502.033530 
445.000000,502.112586 
450.000000,502.191643 
455.000000,502.270700 
460.000000,502.349757 
465.000000,502.428814 
470.000000,502.507871 
475.000000,502.586928 
480.000000,502.665985 
485.000000,502.745042 
490.000000,502.824099 
495.000000,502.903156 
500.000000,502.982213 
505.000000,503.061270 
510.000000,503.140327 
515.000000,503.219384 
520.000000,503.298441 
525.000000,503.377498 
530.000000,503.456554 
535.000000,503.535611 
540.000000,503.614668 
545.000000,503.693725 
550.000000,503.772782 
555.000000,503.851839 
560.000000,503.930896 
250.000000,504.009953 
255.000000,504.089010 
260.000000,504.168067 
265.000000,504.247124 
270.000000,504.326181 
275.000000,504.405238 
280.000000,504.484295 
285.000000,504.563352 
290.000000,504.642409 
295.000000,504.721466 
300.000000,504.800522 
305.000000,504.879579 
310.000000,504.958636 
315.000000,505.037693 
320.000000,505.116750 
325.000000,505.195807 
330.000000,505.274864 
335.000000,505.353921 
340.000000,505.432978 
345.000000,505.512035 
350.000000,505.591092 
355.000000,505.670149 
360.000000,505.749206 
365.000000,505.828263 
370.000000,505.907320 
375.000000,505.986377 
380.000000,506.065434 
385.000000,506.144490 
390.000000,506.223547 
395.000000,506.302604 
400.000000,506.381661 
405.000000,506.460718 
410.000000,506.539775 
415.000000,506.618832 
420.000000,506.697889 
425.000000,506.776946 
430.000000,506.856003 
435.000000,506.935060 
440.000000,507.014117 
445.000000,507.093174 
450.000000,507.172231 
455.000000,507.251288 
460.000000,507.330345 
465.000000,507.409402 
470.000000,507.488458 
475.000000,507.567515 
480.000000,507.646572 
485.000000,507.725629 
490.000000,507.804686 
495.000000,507.883743 
500.000000,507.962800 
505.000000,508.041857 
510.000000,508.120914 
515.000000,508.199971 
520.000000,508.279028 
525.000000,508.358085 
530.000000,508.437142 
535.000000,508.516199 
540.000000,508.595256 
545.000000,508.674313 
550.000000,508.753370 
555.000000,508.832426 
560.000000,508.911483 
250.000000,508.990540 
255.000000,509.069597 
260.000000,509.148654 
265.000000,509.227711 
270.000000,509.306768 
275.000000,509.385825 
280.000000,509.464882 
285.000000,509.543939 
290.000000,509.622996 
295.000000,509.702053 
300.000000,509.781110 
305.000000,509.860167 
310.000000,509.939224 
315.000000,510.018281 
320.000000,510.097338 
325.000000,510.176394 
330.000000,510.255451 
335.000000,510.334508 
340.000000,510.413565 
345.000000,510.492622 
350.000000,510.571679 
355.000000,510.650736 
360.000000,510.729793 
365.000000,510.808850 
370.000000,510.887907 
375.000000,510.966964 
380.000000,511.046021 
385.000000,511.125078 
390.000000,511.204135 
395.000000,511.283192 
400.000000,511.362249 
405.000000,511.441306 
410.000000,511.520362 
415.000000,511.599419 
420.000000,511.678476 
425.000000,511.757533 
430.000000,511.836590 
435.000000,511.915647 
440.000000,511.994704 
445.000000,512.073761 
450.000000,512.152818 
455.000000,512.231875 
460.000000,512.310932 
465.000000,512.389989 
470.000000,512.469046 
475.000000,512.548103 
480.000000,512.627160 
485.000000,512.706217 
490.000000,512.785274 
495.000000,512.864331 
500.000000,512.943387 
505.000000,513.022444 
510.000000,513.101501 
515.000000,513.180558 
520.000000,513.259615 
525.000000,513.338672 
530.000000,513.417729 
535.000000,513.496786 
540.000000,513.575843 
545.000000,513.654900 
550.000000,513.733957 
555.000000,513.813014 
560.000000,513.892071 
250.000000,513.971128 
255.000000,514.050185 
260.000000,514.129242 
265.000000,514.208299 
270.000000,514.287355 
275.000000,514.366412 
280.000000,514.445469 
285.000000,514.524526 
290.000000,514.603583 
295.000000,514.682640 
300.000000,514.761697 
305.000000,514.840754 
310.000000,514.919811 
315.000000,514.998868 
320.000000,515.077925 
325.000000,515.156982 
330.000000,515.236039 
335.000000,515.315096 
340.000000,515.394153 
345.000000,515.473210 
350.000000,515.552267 
355.000000,515.631323 
360.000000,515.710380 
365.000000,515.789437 
370.000000,515.868494 
375.000000,515.947551 
380.000000,516.026608 
385.000000,516.105665 
390.000000,516.184722 
395.000000,516.263779 
400.000000,516.342836 
405.000000,516.421893 
410.000000,516.500950 
415.000000,516.580007 
420.000000,516.659064 
425.000000,516.738121 
430.000000,516.817178 
435.000000,516.896235 
440.000000,516.975291 
445.000000,517.054348 
450.000000,517.133405 
455.000000,517.212462 
460.000000,517.291519 
465.000000,517.370576 
470.000000,517.449633 
475.000000,517.528690 
480.000000,517.607747 
485.000000,517.686804 
490.000000,517.765861 
495.000000,517.844918 
500.000000,517.923975 
505.000000,518.003032 
510.000000,518.082089 
515.000000,518.161146 
520.000000,518.240203 
525.000000,518.319259 
530.000000,518.398316 
535.000000,518.477373 
540.000000,518.556430 
545.000000,518.635487 
550.000000,518.714544 
555.000000,518.793601 
560.000000,518.872658 
250.000000,518.951715 
255.000000,519.030772 
260.000000,519.109829 
265.000000,519.188886 
270.000000,519.267943 
275.000000,519.347000 
280.000000,519.426057 
285.000000,519.505114 
290.000000,519.584171 
295.000000,519.663227 
300.000000,519.742284 
305.000000,519.821341 
310.000000,519.900398 
315.000000,519.979455 
320.000000,520.058512 
325.000000,520.137569 
330.000000,520.216626 
335.000000,520.295683 
340.000000,520.374740 
345.000000,520.453797 
350.000000,520.532854 
355.000000,520.611911 
360.000000,520.690968 
365.000000,520.770025 
370.000000,520.849082 
375.000000,520.928139 
380.000000,521.007195 
385.000000,521.086252 
390.000000,521.165309 
395.000000,521.244366 
400.000000,521.323423 
405.000000,521.402480 
410.000000,521.481537 
415.000000,521.560594 
420.000000,521.639651 
425.000000,521.718708 
430.000000,521.797765 
435.000000,521.876822 
440.000000,521.955879 
445.000000,522.034936 
450.000000,522.113993 
455.000000,522.193050 
460.000000,522.272107 
465.000000,522.351163 
470.000000,522.430220 
475.000000,522.509277 
480.000000,522.588334 
485.000000,522.667391 
490.000000,522.746448 
495.000000,522.825505 
500.000000,522.904562 
505.000000,522.983619 
510.000000,523.062676 
515.000000,523.141733 
520.000000,523.220790 
525.000000,523.299847 
530.000000,523.378904 
535.000000,523.457961 
540.000000,523.537018 
545.000000,523.616075 
550.000000,523.695131 
555.000000,523.774188 
560.000000,523.853245 
250.000000,523.932302 
255.000000,524.011359 
260.000000,524.090416 
265.000000,524.169473 
270.000000,524.248530 
275.000000,524.327587 
280.000000,524.406644 
285.000000,524.485701 
290.000000,524.564758 
295.000000,524.643815 
300.000000,524.722872 
305.000000,524.801929 
310.000000,524.880986 
315.000000,524.960043 
320.000000,525.039099 
325.000000,525.118156 
330.000000,525.197213 
335.000000,525.276270 
340.000000,525.355327 
345.000000,525.434384 
350.000000,525.513441 
355.000000,525.592498 
360.000000,525.671555 
365.000000,525.750612 
370.000000,525.829669 
375.000000,525.908726 
380.000000,525.987783 
385.000000,526.066840 
390.000000,526.145897 
395.000000,526.224954 
400.000000,526.304011 
405.000000,526.383067 
410.000000,526.462124 
415.000000,526.541181 
420.000000,526.620238 
425.000000,526.699295 
430.000000,526.778352 
435.000000,526.857409 
440.000000,526.936466 
445.000000,527.015523 
450.000000,527.094580 
455.000000,527.173637 
460.000000,527.252694 
465.000000,527.331751 
470.000000,527.410808 
475.000000,527.489865 
480.000000,527.568922 
485.000000,527.647979 
490.000000,527.727036 
495.000000,527.806092 
500.000000,527.885149 
505.000000,527.964206 
510.000000,528.043263 
515.000000,528.122320 
520.000000,528.201377 
525.000000,528.280434 
530.000000,528.359491 
535.000000,528.438548 
540.000000,528.517605 
545.000000,528.596662 
550.000000,528.675719 
555.000000,528.754776 
560.000000,528.833833 
250.000000,528.912890 
255.000000,528.991947 
260.000000,529.071004 
265.000000,529.150060 
270.000000,529.229117 
275.000000,529.308174 
280.000000,529.387231 
285.000000,529.466288 
290.000000,529.545345 
295.000000,529.624402 
300.000000,529.703459 
305.000000,529.782516 
310.000000,529.861573 
315.000000,529.940630 
320.000000,530.019687 
325.000000,530.098744 
330.000000,530.177801 
335.000000,530.256858 
340.000000,530.335915 
345.000000,530.414972 
350.000000,530.494028 
355.000000,530.573085 
360.000000,530.652142 
365.000000,530.731199 
370.000000,530.810256 
375.000000,530.889313 
380.000000,530.968370 
385.000000,531.047427 
390.000000,531.126484 
395.000000,531.205541 
400.000000,531.284598 
405.000000,531.363655 
410.000000,531.442712 
415.000000,531.521769 
420.000000,531.600826 
425.000000,531.679883 
430.000000,531.758940 
435.000000,531.837996 
440.000000,531.917053 
445.000000,531.996110 
450.000000,532.075167 
455.000000,532.154224 
460.000000,532.233281 
465.000000,532.312338 
470.000000,532.391395 
475.000000,532.470452 
480.000000,532.549509 
485.000000,532.628566 
490.000000,532.707623 
495.000000,532.786680 
500.000000,532.865737 
505.000000,532.944794 
510.000000,533.023851 
515.000000,533.102908 
520.000000,533.181964 
525.000000,533.261021 
530.000000,533.340078 
535.000000,533.419135 
540.000000,533.498192 
545.000000,533.577249 
550.000000,533.656306 
555.000000,533.735363 
560.000000,533.814420 
250.000000,533.893477 
255.000000,533.972534 
260.000000,534.051591 
265.000000,534.130648 
270.000000,534.209705 
275.000000,534.288762 
280.000000,534.367819 
285.000000,534.446876 
290.000000,534.525932 
295.000000,534.604989 
300.000000,534.684046 
305.000000,534.763103 
310.000000,534.842160 
315.000000,534.921217 
320.000000,535.000274 
325.000000,535.079331 
330.000000,535.158388 
335.000000,535.237445 
340.000000,535.316502 
345.000000,535.395559 
350.000000,535.474616 
355.000000,535.553673 
360.000000,535.632730 
365.000000,535.711787 
370.000000,535.790844 
375.000000,535.869900 
380.000000,535.948957 
385.000000,536.028014 
390.000000,536.107071 
395.000000,536.186128 
400.000000,536.265185 
405.000000,536.344242 
410.000000,536.423299 
415.000000,536.502356 
420.000000,536.581413 
425.000000,536.660470 
430.000000,536.739527 
435.000000,536.818584 
440.000000,536.897641 
445.000000,536.976698 
450.000000,537.055755 
455.000000,537.134812 
460.000000,537.213868 
465.000000,537.292925 
470.000000,537.371982 
475.000000,537.451039 
480.000000,537.530096 
485.000000,537.609153 
490.000000,537.688210 
495.000000,537.767267 
500.000000,537.846324 
505.000000,537.925381 
510.000000,538.004438 
515.000000,538.083495 
520.000000,538.162552 
525.000000,538.241609 
530.000000,538.320666 
535.000000,538.399723 
540.000000,538.478780 
545.000000,538.557836 
550.000000,538.636893 
555.000000,538.715950 
560.000000,538.795007 
250.000000,538.874064 
255.000000,538.953121 
260.000000,539.032178 
265.000000,539.111235 
270.000000,539.190292 
275.000000,539.269349 
280.000000,539.348406 
285.000000,539.427463 
290.000000,539.506520 
295.000000,539.585577 
300.000000,539.664634 
305.000000,539.743691 
310.000000,539.822748 
315.000000,539.901804 
320.000000,539.980861 
325.000000,540.059918 
330.000000,540.138975 
335.000000,540.218032 
340.000000,540.297089 
345.000000,540.376146 
350.000000,540.455203 
355.000000,540.534260 
360.000000,540.613317 
365.000000,540.692374 
370.000000,540.771431 
375.000000,540.850488 
380.000000,540.929545 
385.000000,541.008602 
390.000000,541.087659 
395.000000,541.166716 
400.000000,541.245773 
405.000000,541.324829 
410.000000,541.403886 
415.000000,541.482943 
420.000000,541.562000 
425.000000,541.641057 
430.000000,541.720114 
435.000000,541.799171 
440.000000,541.878228 
445.000000,541.957285 
450.000000,542.036342 
455.000000,542.115399 
460.000000,542.194456 
465.000000,542.273513 
470.000000,542.352570 
475.000000,542.431627 
480.000000,542.510684 
485.000000,542.589741 
490.000000,542.668797 
495.000000,542.747854 
500.000000,542.826911 
505.000000,542.905968 
510.000000,542.985025 
515.000000,543.064082 
520.000000,543.143139 
525.000000,543.222196 
530.000000,543.301253 
535.000000,543.380310 
540.000000,543.459367 
545.000000,543.538424 
550.000000,543.617481 
555.000000,543.696538 
560.000000,543.775595 
250.000000,543.854652 
255.000000,543.933709 
260.000000,544.012765 
265.000000,544.091822 
270.000000,544.170879 
275.000000,544.249936 
280.000000,544.328993 
285.000000,544.408050 
290.000000,544.487107 
295.000000,544.566164 
300.000000,544.645221 
305.000000,544.724278 
310.000000,544.803335 
315.000000,544.882392 
320.000000,544.961449 
325.000000,545.040506 
330.000000,545.119563 
335.000000,545.198620 
340.000000,545.277677 
345.000000,545.356733 
350.000000,545.435790 
355.000000,545.514847 
360.000000,545.593904 
365.000000,545.672961 
370.000000,545.752018 
375.000000,545.831075 
380.000000,545.910132 
385.000000,545.989189 
390.000000,546.068246 
395.000000,546.147303 
400.000000,546.226360 
405.000000,546.305417 
410.000000,546.384474 
415.000000,546.463531 
420.000000,546.542588 
425.000000,546.621645 
430.000000,546.700701 
435.000000,546.779758 
440.000000,546.858815 
445.000000,546.937872 
450.000000,547.016929 
455.000000,547.095986 
460.000000,547.175043 
465.000000,547.254100 
470.000000,547.333157 
475.000000,547.412214 
480.000000,547.491271 
485.000000,547.570328 
490.000000,547.649385 
495.000000,547.728442 
500.000000,547.807499 
505.000000,547.886556 
510.000000,547.965613 
515.000000,548.044669 
520.000000,548.123726 
525.000000,548.202783 
530.000000,548.281840 
535.000000,548.360897 
540.000000,548.439954 
545.000000,548.519011 
550.000000,548.598068 
555.000000,548.677125 
560.000000,548.756182 
250.000000,548.835239 
255.000000,548.914296 
260.000000,548.993353 
265.000000,549.072410 
270.000000,549.151467 
275.000000,549.230524 
280.000000,549.309581 
285.000000,549.388637 
290.000000,549.467694 
295.000000,549.546751 
300.000000,549.625808 
305.000000,549.704865 
310.000000,549.783922 
315.000000,549.862979 
320.000000,549.942036 
325.000000,550.021093 
330.000000,550.100150 
335.000000,550.179207 
340.000000,550.258264 
345.000000,550.337321 
350.000000,550.416378 
355.000000,550.495435 
360.000000,550.574492 
365.000000,550.653549 
370.000000,550.732605 
375.000000,550.811662 
380.000000,550.890719 
385.000000,550.969776 
390.000000,551.048833 
395.000000,551.127890 
400.000000,551.206947 
405.000000,551.286004 
410.000000,551.365061 
415.000000,551.444118 
420.000000,551.523175 
425.000000,551.602232 
430.000000,551.681289 
435.000000,551.760346 
440.000000,551.839403 
445.000000,551.918460 
450.000000,551.997517 
455.000000,552.076573 
460.000000,552.155630 
465.000000,552.234687 
470.000000,552.313744 
475.000000,552.392801 
480.000000,552.471858 
485.000000,552.550915 
490.000000,552.629972 
495.000000,552.709029 
500.000000,552.788086 
505.000000,552.867143 
510.000000,552.946200 
515.000000,553.025257 
520.000000,553.104314 
525.000000,553.183371 
530.000000,553.262428 
535.000000,553.341485 
540.000000,553.420541 
545.000000,553.499598 
550.000000,553.578655 
555.000000,553.657712 
560.000000,553.736769 
250.000000,553.815826 
255.000000,553.894883 
260.000000,553.973940 
265.000000,554.052997 
270.000000,554.132054 
275.000000,554.211111 
280.000000,554.290168 
285.000000,554.369225 
290.000000,554.448282 
295.000000,554.527339 
300.000000,554.606396 
305.000000,554.685453 
310.000000,554.764509 
315.000000,554.843566 
320.000000,554.922623 
325.000000,555.001680 
330.000000,555.080737 
335.000000,555.159794 
340.000000,555.238851 
345.000000,555.317908 
350.000000,555.396965 
355.000000,555.476022 
360.000000,555.555079 
365.000000,555.634136 
370.000000,555.713193 
375.000000,555.792250 
380.000000,555.871307 
385.000000,555.950364 
390.000000,556.029421 
395.000000,556.108478 
400.000000,556.187534 
405.000000,556.266591 
410.000000,556.345648 
415.000000,556.424705 
420.000000,556.503762 
425.000000,556.582819 
430.000000,556.661876 
435.000000,556.740933 
440.000000,556.819990 
445.000000,556.899047 
450.000000,556.978104 
455.000000,557.057161 
460.000000,557.136218 
465.000000,557.215275 
470.000000,557.294332 
475.000000,557.373389 
480.000000,557.452446 
485.000000,557.531502 
490.000000,557.610559 
495.000000,557.689616 
500.000000,557.768673 
505.000000,557.847730 
510.000000,557.926787 
515.000000,558.005844 
520.000000,558.084901 
525.000000,558.163958 
530.000000,558.243015 
535.000000,558.322072 
540.000000,558.401129 
545.000000,558.480186 
550.000000,558.559243 
555.000000,558.638300 
560.000000,558.717357 
250.000000,558.796414 
255.000000,558.875470 
260.000000,558.954527 
265.000000,559.033584 
270.000000,559.112641 
275.000000,559.191698 
280.000000,559.270755 
285.000000,559.349812 
290.000000,559.428869 
295.000000,559.507926 
300.000000,559.586983 
305.000000,559.666040 
310.000000,559.745097 
315.000000,559.824154 
320.000000,559.903211 
325.000000,559.982268 
330.000000,560.061325 
335.000000,560.140382 
340.000000,560.219438 
345.000000,560.298495 
350.000000,560.377552 
355.000000,560.456609 
360.000000,560.535666 
365.000000,560.614723 
370.000000,560.693780 
375.000000,560.772837 
380.000000,560.851894 
385.000000,560.930951 
390.000000,561.010008 
395.000000,561.089065 
400.000000,561.168122 
405.000000,561.247179 
410.000000,561.326236 
415.000000,561.405293 
420.000000,561.484350 
425.000000,561.563406 
430.000000,561.642463 
435.000000,561.721520 
440.000000,561.800577 
445.000000,561.879634 
450.000000,561.958691 
455.000000,562.037748 
460.000000,562.116805 
465.000000,562.195862 
470.000000,562.274919 
475.000000,562.353976 
480.000000,562.433033 
485.000000,562.512090 
490.000000,562.591147 
495.000000,562.670204 
500.000000,562.749261 
505.000000,562.828318 
510.000000,562.907374 
515.000000,562.986431 
520.000000,563.065488 
525.000000,563.144545 
530.000000,563.223602 
535.000000,563.302659 
540.000000,563.381716 
545.000000,563.460773 
550.000000,563.539830 
555.000000,563.618887 
560.000000,563.697944 
250.000000,563.777001 
255.000000,563.856058 
260.000000,563.935115 
265.000000,564.014172 
270.000000,564.093229 
275.000000,564.172286 
280.000000,564.251342 
285.000000,564.330399 
290.000000,564.409456 
295.000000,564.488513 
300.000000,564.567570 
305.000000,564.646627 
310.000000,564.725684 
315.000000,564.804741 
320.000000,564.883798 
325.000000,564.962855 
330.000000,565.041912 
335.000000,565.120969 
340.000000,565.200026 
345.000000,565.279083 
350.000000,565.358140 
355.000000,565.437197 
360.000000,565.516254 
365.000000,565.595310 
370.000000,565.674367 
375.000000,565.753424 
380.000000,565.832481 
385.000000,565.911538 
390.000000,565.990595 
395.000000,566.069652 
400.000000,566.148709 
