450.000000,450.000000
460.000000,450.577350
470.000000,451.154701
480.000000,451.732051
490.000000,452.309401
500.000000,452.886751
510.000000,453.464102
520.000000,454.041452
530.000000,454.618802
540.000000,455.196152
550.000000,455.773503
560.000000,456.350853
570.000000,456.928203
580.000000,457.505553
590.000000,458.082904
600.000000,458.660254
610.000000,459.237604
450.000000,459.814955
460.000000,460.392305
470.000000,460.969655
480.000000,461.547005
490.000000,462.124356
500.000000,462.701706
510.000000,463.279056
520.000000,463.856406
530.000000,464.433757
540.000000,465.011107
550.000000,465.588457
560.000000,466.165808
570.000000,466.743158
580.000000,467.320508
590.000000,467.897858
600.000000,468.475209
610.000000,469.052559
450.000000,469.629909
460.000000,470.207259
470.000000,470.784610
480.000000,471.361960
490.000000,471.939310
500.000000,472.516660
510.000000,473.094011
520.000000,473.671361
530.000000,474.248711
540.000000,474.826062
550.000000,475.403412
560.000000,475.980762
570.000000,476.558112
580.000000,477.135463
590.000000,477.712813
600.000000,478.290163
610.000000,478.867513
450.000000,479.444864
460.000000,480.022214
470.000000,480.599564
480.000000,481.176915
490.000000,481.754265
500.000000,482.331615
510.000000,482.908965
520.000000,483.486316
530.000000,484.063666
540.000000,484.641016
550.000000,485.218366
560.000000,485.795717
570.000000,486.373067
580.000000,486.950417
590.000000,487.527767
600.000000,488.105118
610.000000,488.682468
450.000000,489.259818
460.000000,489.837169
470.000000,490.414519
480.000000,490.991869
490.000000,491.569219
500.000000,492.146570
510.000000,492.723920
520.000000,493.301270
530.000000,493.878620
540.000000,494.455971
550.000000,495.033321
560.000000,495.610671
570.000000,496.188022
580.000000,496.765372
590.000000,497.342722
600.000000,497.920072
610.000000,498.497423
450.000000,499.074773
460.000000,499.652123
470.000000,500.229473
480.000000,500.806824
490.000000,501.384174
500.000000,501.961524
510.000000,502.538874
520.000000,503.116225
530.000000,503.693575
540.000000,504.270925
550.000000,504.848276
560.000000,505.425626
570.000000,506.002976
580.000000,506.580326
590.000000,507.157677
600.000000,507.735027
610.000000,508.312377
450.000000,508.889727
460.000000,509.467078
470.000000,510.044428
480.000000,510.621778
490.000000,511.199129
500.000000,511.776479
510.000000,512.353829
520.000000,512.931179
530.000000,513.508530
540.000000,514.085880
550.000000,514.663230
560.000000,515.240580
570.000000,515.817931
580.000000,516.395281
590.000000,516.972631
600.000000,517.549981
610.000000,518.127332
450.000000,518.704682
460.000000,519.282032
470.000000,519.859383
480.000000,520.436733
490.000000,521.014083
500.000000,521.591433
510.000000,522.168784
520.000000,522.746134
530.000000,523.323484
540.000000,523.900834
550.000000,524.478185
560.000000,525.055535
570.000000,525.632885
580.000000,526.210236
590.000000,526.787586
600.000000,527.364936
610.000000,527.942286
450.000000,528.519637
460.000000,529.096987
470.000000,529.674337
480.000000,530.251687
490.000000,530.829038
500.000000,531.406388
510.000000,531.983738
520.000000,532.561088
530.000000,533.138439
540.000000,533.715789
550.000000,534.293139
560.000000,534.870490
570.000000,535.447840
580.000000,536.025190
590.000000,536.602540
600.000000,537.179891
610.000000,537.757241
450.000000,538.334591
460.000000,538.911941
470.000000,539.489292
480.000000,540.066642
490.000000,540.643992
500.000000,541.221343
510.000000,541.798693
520.000000,542.376043
530.000000,542.953393
540.000000,543.530744
550.000000,544.108094
560.000000,544.685444
570.000000,545.262794
580.000000,545.840145
590.000000,546.417495
600.000000,546.994845
610.000000,547.572195
450.000000,548.149546
460.000000,548.726896
470.000000,549.304246
480.000000,549.881597
490.000000,550.458947
500.000000,551.036297
510.000000,551.613647
520.000000,552.190998
530.000000,552.768348
540.000000,553.345698
550.000000,553.923048
560.000000,554.500399
570.000000,555.077749
580.000000,555.655099
590.000000,556.232450
600.000000,556.809800
610.000000,557.387150
450.000000,557.964500
460.000000,558.541851
470.000000,559.119201
480.000000,559.696551
490.000000,560.273901
500.000000,560.851252
510.000000,561.428602
520.000000,562.005952
530.000000,562.583302
540.000000,563.160653
550.000000,563.738003
560.000000,564.315353
570.000000,564.892704
580.000000,565.470054
590.000000,566.047404
600.000000,566.624754
610.000000,567.202105
450.000000,567.779455
460.000000,568.356805
470.000000,568.934155
480.000000,569.511506
490.000000,570.088856
500.000000,570.666206
510.000000,571.243557
520.000000,571.820907
530.000000,572.398257
540.000000,572.975607
550.000000,573.552958
560.000000,574.130308
570.000000,574.707658
580.000000,575.285008
590.000000,575.862359
600.000000,576.439709
610.000000,577.017059
450.000000,577.594409
460.000000,578.171760
470.000000,578.749110
480.000000,579.326460
490.000000,579.903811
500.000000,580.481161
510.000000,581.058511
520.000000,581.635861
530.000000,582.213212
540.000000,582.790562
550.000000,583.367912
560.000000,583.945262
570.000000,584.522613
580.000000,585.099963
590.000000,585.677313
600.000000,586.254664
610.000000,586.832014
450.000000,587.409364
460.000000,587.986714
470.000000,588.564065
480.000000,589.141415
490.000000,589.718765
500.000000,590.296115
510.000000,590.873466
520.000000,591.450816
530.000000,592.028166
540.000000,592.605516
550.000000,593.182867
560.000000,593.760217
570.000000,594.337567
580.000000,594.914918
590.000000,595.492268
600.000000,596.069618
610.000000,596.646968
450.000000,597.224319
460.000000,597.801669
470.000000,598.379019
480.000000,598.956369
490.000000,599.533720
500.000000,600.111070
510.000000,600.688420
520.000000,601.265771
530.000000,601.843121
540.000000,602.420471
550.000000,602.997821
560.000000,603.575172
570.000000,604.152522
580.000000,604.729872
590.000000,605.307222
600.000000,605.884573
610.000000,606.461923
450.000000,607.039273
460.000000,607.616623
470.000000,608.193974
480.000000,608.771324
490.000000,609.348674
500.000000,609.926025
510.000000,610.503375
520.000000,611.080725
530.000000,611.658075
540.000000,612.235426
550.000000,612.812776
560.000000,613.390126
570.000000,613.967476
580.000000,614.544827
590.000000,615.122177
600.000000,615.699527
610.000000,616.276878
450.000000,616.854228
460.000000,617.431578
470.000000,618.008928
480.000000,618.586279
490.000000,619.163629
500.000000,619.740979
510.000000,620.318329
520.000000,620.895680
530.000000,621.473030
540.000000,622.050380
550.000000,622.627730

250.000000,250.000000
280.000000,251.341641
310.000000,252.683282
340.000000,254.024922
370.000000,255.366563
400.000000,256.708204
430.000000,258.049845
460.000000,259.391486
490.000000,260.733126
520.000000,262.074767
550.000000,263.416408
580.000000,264.758049
610.000000,266.099689
640.000000,267.441330
670.000000,268.782971
700.000000,270.124612
730.000000,271.466253
760.000000,272.807893
790.000000,274.149534
820.000000,275.491175
850.000000,276.832816
880.000000,278.174457
250.000000,279.516097
280.000000,280.857738
310.000000,282.199379
340.000000,283.541020
370.000000,284.882660
400.000000,286.224301
430.000000,287.565942
460.000000,288.907583
490.000000,290.249224
520.000000,291.590864
550.000000,292.932505
580.000000,294.274146
610.000000,295.615787
640.000000,296.957428
670.000000,298.299068
700.000000,299.640709
730.000000,300.982350
760.000000,302.323991
790.000000,303.665631
820.000000,305.007272
850.000000,306.348913
880.000000,307.690554
250.000000,309.032195
280.000000,310.373835
310.000000,311.715476
340.000000,313.057117
370.000000,314.398758
400.000000,315.740399
430.000000,317.082039
460.000000,318.423680
490.000000,319.765321
520.000000,321.106962
550.000000,322.448602
580.000000,323.790243
610.000000,325.131884
640.000000,326.473525
670.000000,327.815166
700.000000,329.156806
730.000000,330.498447
760.000000,331.840088
790.000000,333.181729
820.000000,334.523370
850.000000,335.865010
880.000000,337.206651
250.000000,338.548292
280.000000,339.889933
310.000000,341.231573
340.000000,342.573214
370.000000,343.914855
400.000000,345.256496
430.000000,346.598137
460.000000,347.939777
490.000000,349.281418
520.000000,350.623059
550.000000,351.964700
580.000000,353.306341
610.000000,354.647981
640.000000,355.989622
670.000000,357.331263
700.000000,358.672904
730.000000,360.014544
760.000000,361.356185
790.000000,362.697826
820.000000,364.039467
850.000000,365.381108
880.000000,366.722748
250.000000,368.064389
280.000000,369.406030
310.000000,370.747671
340.000000,372.089312
370.000000,373.430952
400.000000,374.772593
430.000000,376.114234
460.000000,377.455875
490.000000,378.797516
520.000000,380.139156
550.000000,381.480797
580.000000,382.822438
610.000000,384.164079
640.000000,385.505719
670.000000,386.847360
700.000000,388.189001
730.000000,389.530642
760.000000,390.872283
790.000000,392.213923
820.000000,393.555564
850.000000,394.897205
880.000000,396.238846
250.000000,397.580487
280.000000,398.922127
310.000000,400.263768
340.000000,401.605409
370.000000,402.947050
400.000000,404.288690
430.000000,405.630331
460.000000,406.971972
490.000000,408.313613
520.000000,409.655254
550.000000,410.996894
580.000000,412.338535
610.000000,413.680176
640.000000,415.021817
670.000000,416.363458
700.000000,417.705098
730.000000,419.046739
760.000000,420.388380
790.000000,421.730021
820.000000,423.071661
850.000000,424.413302
880.000000,425.754943
250.000000,427.096584
280.000000,428.438225
310.000000,429.779865
340.000000,431.121506
370.000000,432.463147
400.000000,433.804788
430.000000,435.146429
460.000000,436.488069
490.000000,437.829710
520.000000,439.171351
550.000000,440.512992
580.000000,441.854632
610.000000,443.196273
640.000000,444.537914
670.000000,445.879555
700.000000,447.221196
730.000000,448.562836
760.000000,449.904477
790.000000,451.246118
820.000000,452.587759
850.000000,453.929400
880.000000,455.271040
250.000000,456.612681
280.000000,457.954322
310.000000,459.295963
340.000000,460.637603
370.000000,461.979244
400.000000,463.320885
430.000000,464.662526
460.000000,466.004167
490.000000,467.345807
520.000000,468.687448
550.000000,470.029089
580.000000,471.370730
610.000000,472.712371
640.000000,474.054011
670.000000,475.395652
700.000000,476.737293
730.000000,478.078934
760.000000,479.420574
790.000000,480.762215
820.000000,482.103856
850.000000,483.445497
880.000000,484.787138
250.000000,486.128778
280.000000,487.470419
310.000000,488.812060
340.000000,490.153701
370.000000,491.495342
400.000000,492.836982
430.000000,494.178623
460.000000,495.520264
490.000000,496.861905
520.000000,498.203546
550.000000,499.545186
580.000000,500.886827
610.000000,502.228468
640.000000,503.570109
670.000000,504.911749
700.000000,506.253390
730.000000,507.595031
760.000000,508.936672
790.000000,510.278313
820.000000,511.619953
850.000000,512.961594
880.000000,514.303235
250.000000,515.644876
280.000000,516.986517
310.000000,518.328157
340.000000,519.669798
370.000000,521.011439
400.000000,522.353080
430.000000,523.694720
460.000000,525.036361
490.000000,526.378002
520.000000,527.719643
550.000000,529.061284
580.000000,530.402924
610.000000,531.744565
640.000000,533.086206
670.000000,534.427847
700.000000,535.769488
730.000000,537.111128
760.000000,538.452769
790.000000,539.794410
820.000000,541.136051
850.000000,542.477691
880.000000,543.819332
250.000000,545.160973
280.000000,546.502614
310.000000,547.844255
340.000000,549.185895
370.000000,550.527536
400.000000,551.869177
430.000000,553.210818
460.000000,554.552459
490.000000,555.894099
520.000000,557.235740
550.000000,558.577381
580.000000,559.919022
610.000000,561.260662
640.000000,562.602303
670.000000,563.943944
700.000000,565.285585
730.000000,566.627226
760.000000,567.968866
790.000000,569.310507
820.000000,570.652148
850.000000,571.993789
880.000000,573.335430
250.000000,574.677070
280.000000,576.018711
310.000000,577.360352
340.000000,578.701993
370.000000,580.043633
400.000000,581.385274
430.000000,582.726915
460.000000,584.068556
490.000000,585.410197
520.000000,586.751837
550.000000,588.093478
580.000000,589.435119
610.000000,590.776760
640.000000,592.118401
670.000000,593.460041
700.000000,594.801682
730.000000,596.143323
760.000000,597.484964
790.000000,598.826604
820.000000,600.168245
850.000000,601.509886
880.000000,602.851527
250.000000,604.193168
280.000000,605.534808
310.000000,606.876449
340.000000,608.218090
370.000000,609.559731
400.000000,610.901372
430.000000,612.243012
460.000000,613.584653
490.000000,614.926294
520.000000,616.267935
550.000000,617.609576
580.000000,618.951216
610.000000,620.292857
640.000000,621.634498
670.000000,622.976139
700.000000,624.317779
730.000000,625.659420
760.000000,627.001061
790.000000,628.342702
820.000000,629.684343
850.000000,631.025983
880.000000,632.367624
250.000000,633.709265
280.000000,635.050906
310.000000,636.392547
340.000000,637.734187
370.000000,639.075828
400.000000,640.417469
430.000000,641.759110
460.000000,643.100750
490.000000,644.442391
520.000000,645.784032
550.000000,647.125673
580.000000,648.467314
610.000000,649.808954
640.000000,651.150595
670.000000,652.492236
700.000000,653.833877
730.000000,655.175518
760.000000,656.517158
790.000000,657.858799
820.000000,659.200440
850.000000,660.542081
880.000000,661.883721
250.000000,663.225362
280.000000,664.567003
310.000000,665.908644
340.000000,667.250285
370.000000,668.591925
400.000000,669.933566
430.000000,671.275207
460.000000,672.616848
490.000000,673.958489
520.000000,675.300129
550.000000,676.641770
580.000000,677.983411
610.000000,679.325052
640.000000,680.666692
670.000000,682.008333
700.000000,683.349974
730.000000,684.691615
760.000000,686.033256
790.000000,687.374896
820.000000,688.716537
850.000000,690.058178
880.000000,691.399819
250.000000,692.741460
280.000000,694.083100
310.000000,695.424741
340.000000,696.766382
370.000000,698.108023
400.000000,699.449663
430.000000,700.791304
460.000000,702.132945
490.000000,703.474586
520.000000,704.816227
550.000000,706.157867
580.000000,707.499508
610.000000,708.841149
640.000000,710.182790
670.000000,711.524431
700.000000,712.866071
730.000000,714.207712
760.000000,715.549353
790.000000,716.890994
820.000000,718.232634
850.000000,719.574275
880.000000,720.915916
250.000000,722.257557
280.000000,723.599198
310.000000,724.940838
340.000000,726.282479
370.000000,727.624120
400.000000,728.965761
430.000000,730.307402
460.000000,731.649042
490.000000,732.990683
520.000000,734.332324
550.000000,735.673965
580.000000,737.015605
610.000000,738.357246
640.000000,739.698887
670.000000,741.040528
700.000000,742.382169
730.000000,743.723809
760.000000,745.065450
790.000000,746.407091
820.000000,747.748732
850.000000,749.090373
880.000000,750.432013
250.000000,751.773654
280.000000,753.115295
310.000000,754.456936
340.000000,755.798577
370.000000,757.140217
400.000000,758.481858
430.000000,759.823499
460.000000,761.165140
490.000000,762.506780
520.000000,763.848421
550.000000,765.190062
580.000000,766.531703
610.000000,767.873344
640.000000,769.214984
670.000000,770.556625
700.000000,771.898266
730.000000,773.239907
760.000000,774.581548
790.000000,775.923188
820.000000,777.264829
850.000000,778.606470
880.000000,779.948111
250.000000,781.289751
280.000000,782.631392
310.000000,783.973033
340.000000,785.314674
370.000000,786.656315
400.000000,787.997955
430.000000,789.339596
460.000000,790.681237
490.000000,792.022878
520.000000,793.364519
550.000000,794.706159
580.000000,796.047800
610.000000,797.389441
640.000000,798.731082
670.000000,800.072722
700.000000,801.414363
730.000000,802.756004
760.000000,804.097645
790.000000,805.439286
820.000000,806.780926
850.000000,808.122567
880.000000,809.464208
250.000000,810.805849
280.000000,812.147490
310.000000,813.489130
340.000000,814.830771
370.000000,816.172412
400.000000,817.514053
430.000000,818.855693
460.000000,820.197334
490.000000,821.538975
520.000000,822.880616
550.000000,824.222257
580.000000,825.563897
610.000000,826.905538
640.000000,828.247179
670.000000,829.588820
700.000000,830.930461
730.000000,832.272101
760.000000,833.613742
790.000000,834.955383
820.000000,836.297024
850.000000,837.638664
880.000000,838.980305
250.000000,840.321946
280.000000,841.663587
310.000000,843.005228
340.000000,844.346868
370.000000,845.688509
400.000000,847.030150
430.000000,848.371791
460.000000,849.713432
490.000000,851.055072
520.000000,852.396713
550.000000,853.738354
580.000000,855.079995
610.000000,856.421635
640.000000,857.763276
670.000000,859.104917
700.000000,860.446558
730.000000,861.788199
760.000000,863.129839
790.000000,864.471480
820.000000,865.813121
850.000000,867.154762
880.000000,868.496403
250.000000,869.838043
280.000000,871.179684
310.000000,872.521325
340.000000,873.862966
370.000000,875.204607
400.000000,876.546247
430.000000,877.887888
460.000000,879.229529
490.000000,880.571170
520.000000,881.912810
550.000000,883.254451
580.000000,884.596092
610.000000,885.937733
640.000000,887.279374
670.000000,888.621014
700.000000,889.962655
730.000000,891.304296
760.000000,892.645937
790.000000,893.987578
820.000000,895.329218
850.000000,896.670859
880.000000,898.012500
250.000000,899.354141
280.000000,900.695781
310.000000,902.037422
340.000000,903.379063
370.000000,904.720704
400.000000,906.062345
430.000000,907.403985
460.000000,908.745626
490.000000,910.087267
520.000000,911.428908
550.000000,912.770549
580.000000,914.112189
610.000000,915.453830
640.000000,916.795471
670.000000,918.137112
700.000000,919.478752



250.000000,250.000000
260.000000,250.316228
270.000000,250.632456
280.000000,250.948683
290.000000,251.264911
300.000000,251.581139
310.000000,251.897367
320.000000,252.213594
330.000000,252.529822
340.000000,252.846050
350.000000,253.162278
360.000000,253.478505
370.000000,253.794733
380.000000,254.110961
390.000000,254.427189
400.000000,254.743416
410.000000,255.059644
420.000000,255.375872
430.000000,255.692100
440.000000,256.008328
450.000000,256.324555
460.000000,256.640783
470.000000,256.957011
480.000000,257.273239
490.000000,257.589466
500.000000,257.905694
510.000000,258.221922
520.000000,258.538150
530.000000,258.854377
540.000000,259.170605
550.000000,259.486833
250.000000,259.803061
260.000000,260.119289
270.000000,260.435516
280.000000,260.751744
290.000000,261.067972
300.000000,261.384200
310.000000,261.700427
320.000000,262.016655
330.000000,262.332883
340.000000,262.649111
350.000000,262.965338
360.000000,263.281566
370.000000,263.597794
380.000000,263.914022
390.000000,264.230249
400.000000,264.546477
410.000000,264.862705
420.000000,265.178933
430.000000,265.495161
440.000000,265.811388
450.000000,266.127616
460.000000,266.443844
470.000000,266.760072
480.000000,267.076299
490.000000,267.392527
500.000000,267.708755
510.000000,268.024983
520.000000,268.341210
530.000000,268.657438
540.000000,268.973666
550.000000,269.289894
250.000000,269.606121
260.000000,269.922349
270.000000,270.238577
280.000000,270.554805
290.000000,270.871033
300.000000,271.187260
310.000000,271.503488
320.000000,271.819716
330.000000,272.135944
340.000000,272.452171
350.000000,272.768399
360.000000,273.084627
370.000000,273.400855
380.000000,273.717082
390.000000,274.033310
400.000000,274.349538
410.000000,274.665766
420.000000,274.981994
430.000000,275.298221
440.000000,275.614449
450.000000,275.930677
460.000000,276.246905
470.000000,276.563132
480.000000,276.879360
490.000000,277.195588
500.000000,277.511816
510.000000,277.828043
520.000000,278.144271
530.000000,278.460499
540.000000,278.776727
550.000000,279.092954
250.000000,279.409182
260.000000,279.725410
270.000000,280.041638
280.000000,280.357866
290.000000,280.674093
300.000000,280.990321
310.000000,281.306549
320.000000,281.622777
330.000000,281.939004
340.000000,282.255232
350.000000,282.571460
360.000000,282.887688
370.000000,283.203915
380.000000,283.520143
390.000000,283.836371
400.000000,284.152599
410.000000,284.468826
420.000000,284.785054
430.000000,285.101282
440.000000,285.417510
450.000000,285.733738
460.000000,286.049965
470.000000,286.366193
480.000000,286.682421
490.000000,286.998649
500.000000,287.314876
510.000000,287.631104
520.000000,287.947332
530.000000,288.263560
540.000000,288.579787
550.000000,288.896015
250.000000,289.212243
260.000000,289.528471
270.000000,289.844699
280.000000,290.160926
290.000000,290.477154
300.000000,290.793382
310.000000,291.109610
320.000000,291.425837
330.000000,291.742065
340.000000,292.058293
350.000000,292.374521
360.000000,292.690748
370.000000,293.006976
380.000000,293.323204
390.000000,293.639432
400.000000,293.955659
410.000000,294.271887
420.000000,294.588115
430.000000,294.904343
440.000000,295.220571
450.000000,295.536798
460.000000,295.853026
470.000000,296.169254
480.000000,296.485482
490.000000,296.801709
500.000000,297.117937
510.000000,297.434165
520.000000,297.750393
530.000000,298.066620
540.000000,298.382848
550.000000,298.699076
250.000000,299.015304
260.000000,299.331531
270.000000,299.647759
280.000000,299.963987
290.000000,300.280215
300.000000,300.596443
310.000000,300.912670
320.000000,301.228898
330.000000,301.545126
340.000000,301.861354
350.000000,302.177581
360.000000,302.493809
370.000000,302.810037
380.000000,303.126265
390.000000,303.442492
400.000000,303.758720
410.000000,304.074948
420.000000,304.391176
430.000000,304.707404
440.000000,305.023631
450.000000,305.339859
460.000000,305.656087
470.000000,305.972315
480.000000,306.288542
490.000000,306.604770
500.000000,306.920998
510.000000,307.237226
520.000000,307.553453
530.000000,307.869681
540.000000,308.185909
550.000000,308.502137
250.000000,308.818364
260.000000,309.134592
270.000000,309.450820
280.000000,309.767048
290.000000,310.083276
300.000000,310.399503
310.000000,310.715731
320.000000,311.031959
330.000000,311.348187
340.000000,311.664414
350.000000,311.980642
360.000000,312.296870
370.000000,312.613098
380.000000,312.929325
390.000000,313.245553
400.000000,313.561781
410.000000,313.878009
420.000000,314.194237
430.000000,314.510464
440.000000,314.826692
450.000000,315.142920
460.000000,315.459148
470.000000,315.775375
480.000000,316.091603
490.000000,316.407831
500.000000,316.724059
510.000000,317.040286
520.000000,317.356514
530.000000,317.672742
540.000000,317.988970
550.000000,318.305197
250.000000,318.621425
260.000000,318.937653
270.000000,319.253881
280.000000,319.570109
290.000000,319.886336
300.000000,320.202564
310.000000,320.518792
320.000000,320.835020
330.000000,321.151247
340.000000,321.467475
350.000000,321.783703
360.000000,322.099931
370.000000,322.416158
380.000000,322.732386
390.000000,323.048614
400.000000,323.364842
410.000000,323.681069
420.000000,323.997297
430.000000,324.313525
440.000000,324.629753
450.000000,324.945981
460.000000,325.262208
470.000000,325.578436
480.000000,325.894664
490.000000,326.210892
500.000000,326.527119
510.000000,326.843347
520.000000,327.159575
530.000000,327.475803
540.000000,327.792030
550.000000,328.108258
250.000000,328.424486
260.000000,328.740714
270.000000,329.056942
280.000000,329.373169
290.000000,329.689397
300.000000,330.005625
310.000000,330.321853
320.000000,330.638080
330.000000,330.954308
340.000000,331.270536
350.000000,331.586764
360.000000,331.902991
370.000000,332.219219
380.000000,332.535447
390.000000,332.851675
400.000000,333.167902
410.000000,333.484130
420.000000,333.800358
430.000000,334.116586
440.000000,334.432814
450.000000,334.749041
460.000000,335.065269
470.000000,335.381497
480.000000,335.697725
490.000000,336.013952
500.000000,336.330180
510.000000,336.646408
520.000000,336.962636
530.000000,337.278863
540.000000,337.595091
550.000000,337.911319
250.000000,338.227547
260.000000,338.543774
270.000000,338.860002
280.000000,339.176230
290.000000,339.492458
300.000000,339.808686
310.000000,340.124913
320.000000,340.441141
330.000000,340.757369
340.000000,341.073597
350.000000,341.389824
360.000000,341.706052
370.000000,342.022280
380.000000,342.338508
390.000000,342.654735
400.000000,342.970963
410.000000,343.287191
420.000000,343.603419
430.000000,343.919647
440.000000,344.235874
450.000000,344.552102
460.000000,344.868330
470.000000,345.184558
480.000000,345.500785
490.000000,345.817013
500.000000,346.133241
510.000000,346.449469
520.000000,346.765696
530.000000,347.081924
540.000000,347.398152
550.000000,347.714380
250.000000,348.030607
260.000000,348.346835
270.000000,348.663063
280.000000,348.979291
290.000000,349.295519
300.000000,349.611746
310.000000,349.927974
320.000000,350.244202
330.000000,350.560430
340.000000,350.876657
350.000000,351.192885
360.000000,351.509113
370.000000,351.825341
380.000000,352.141568
390.000000,352.457796
400.000000,352.774024
410.000000,353.090252
420.000000,353.406479
430.000000,353.722707
440.000000,354.038935
450.000000,354.355163
460.000000,354.671391
470.000000,354.987618
480.000000,355.303846
490.000000,355.620074
500.000000,355.936302
510.000000,356.252529
520.000000,356.568757
530.000000,356.884985
540.000000,357.201213
550.000000,357.517440
250.000000,357.833668
260.000000,358.149896
270.000000,358.466124
280.000000,358.782352
290.000000,359.098579
300.000000,359.414807
310.000000,359.731035
320.000000,360.047263
330.000000,360.363490
340.000000,360.679718
350.000000,360.995946
360.000000,361.312174
370.000000,361.628401
380.000000,361.944629
390.000000,362.260857
400.000000,362.577085
410.000000,362.893312
420.000000,363.209540
430.000000,363.525768
440.000000,363.841996
450.000000,364.158224
460.000000,364.474451
470.000000,364.790679
480.000000,365.106907
490.000000,365.423135
500.000000,365.739362
510.000000,366.055590
520.000000,366.371818
530.000000,366.688046
540.000000,367.004273
550.000000,367.320501
250.000000,367.636729
260.000000,367.952957
270.000000,368.269184
280.000000,368.585412
290.000000,368.901640
300.000000,369.217868
310.000000,369.534096
320.000000,369.850323
330.000000,370.166551
340.000000,370.482779
350.000000,370.799007
360.000000,371.115234
370.000000,371.431462
380.000000,371.747690
390.000000,372.063918
400.000000,372.380145
410.000000,372.696373
420.000000,373.012601
430.000000,373.328829
440.000000,373.645057
450.000000,373.961284
460.000000,374.277512
470.000000,374.593740
480.000000,374.909968
490.000000,375.226195
500.000000,375.542423
510.000000,375.858651
520.000000,376.174879
530.000000,376.491106
540.000000,376.807334
550.000000,377.123562
250.000000,377.439790
260.000000,377.756017
270.000000,378.072245
280.000000,378.388473
290.000000,378.704701
300.000000,379.020929
310.000000,379.337156
320.000000,379.653384
330.000000,379.969612
340.000000,380.285840
350.000000,380.602067
360.000000,380.918295
370.000000,381.234523
380.000000,381.550751
390.000000,381.866978
400.000000,382.183206
410.000000,382.499434
420.000000,382.815662
430.000000,383.131889
440.000000,383.448117
450.000000,383.764345
460.000000,384.080573
470.000000,384.396801
480.000000,384.713028
490.000000,385.029256
500.000000,385.345484
510.000000,385.661712
520.000000,385.977939
530.000000,386.294167
540.000000,386.610395
550.000000,386.926623
250.000000,387.242850
260.000000,387.559078
270.000000,387.875306
280.000000,388.191534
290.000000,388.507762
300.000000,388.823989
310.000000,389.140217
320.000000,389.456445
330.000000,389.772673
340.000000,390.088900
350.000000,390.405128
360.000000,390.721356
370.000000,391.037584
380.000000,391.353811
390.000000,391.670039
400.000000,391.986267
410.000000,392.302495
420.000000,392.618722
430.000000,392.934950
440.000000,393.251178
450.000000,393.567406
460.000000,393.883634
470.000000,394.199861
480.000000,394.516089
490.000000,394.832317
500.000000,395.148545
510.000000,395.464772
520.000000,395.781000
530.000000,396.097228
540.000000,396.413456
550.000000,396.729683
250.000000,397.045911
260.000000,397.362139
270.000000,397.678367
280.000000,397.994594
290.000000,398.310822
300.000000,398.627050
310.000000,398.943278
320.000000,399.259506
330.000000,399.575733
340.000000,399.891961
350.000000,400.208189
360.000000,400.524417
370.000000,400.840644
380.000000,401.156872
390.000000,401.473100
400.000000,401.789328
410.000000,402.105555
420.000000,402.421783
430.000000,402.738011
440.000000,403.054239
450.000000,403.370467
460.000000,403.686694
470.000000,404.002922
480.000000,404.319150
490.000000,404.635378
500.000000,404.951605
510.000000,405.267833
520.000000,405.584061
530.000000,405.900289
540.000000,406.216516
550.000000,406.532744
250.000000,406.848972
260.000000,407.165200
270.000000,407.481427
280.000000,407.797655
290.000000,408.113883
300.000000,408.430111
310.000000,408.746339
320.000000,409.062566
330.000000,409.378794
340.000000,409.695022
350.000000,410.011250
360.000000,410.327477
370.000000,410.643705
380.000000,410.959933
390.000000,411.276161
400.000000,411.592388
410.000000,411.908616
420.000000,412.224844
430.000000,412.541072
440.000000,412.857299
450.000000,413.173527
460.000000,413.489755
470.000000,413.805983
480.000000,414.122211
490.000000,414.438438
500.000000,414.754666
510.000000,415.070894
520.000000,415.387122
530.000000,415.703349
540.000000,416.019577
550.000000,416.335805
250.000000,416.652033
260.000000,416.968260
270.000000,417.284488
280.000000,417.600716
290.000000,417.916944
300.000000,418.233172
310.000000,418.549399
320.000000,418.865627
330.000000,419.181855
340.000000,419.498083
350.000000,419.814310
360.000000,420.130538
370.000000,420.446766
380.000000,420.762994
390.000000,421.079221
400.000000,421.395449
410.000000,421.711677
420.000000,422.027905
430.000000,422.344132
440.000000,422.660360
450.000000,422.976588
460.000000,423.292816
470.000000,423.609044
480.000000,423.925271
490.000000,424.241499
500.000000,424.557727
510.000000,424.873955
520.000000,425.190182
530.000000,425.506410
540.000000,425.822638
550.000000,426.138866
250.000000,426.455093
260.000000,426.771321
270.000000,427.087549
280.000000,427.403777
290.000000,427.720005
300.000000,428.036232
310.000000,428.352460
320.000000,428.668688
330.000000,428.984916
340.000000,429.301143
350.000000,429.617371
360.000000,429.933599
370.000000,430.249827
380.000000,430.566054
390.000000,430.882282
400.000000,431.198510
410.000000,431.514738
420.000000,431.830965
430.000000,432.147193
440.000000,432.463421
450.000000,432.779649
460.000000,433.095877
470.000000,433.412104
480.000000,433.728332
490.000000,434.044560
500.000000,434.360788
510.000000,434.677015
520.000000,434.993243
530.000000,435.309471
540.000000,435.625699
550.000000,435.941926
250.000000,436.258154
260.000000,436.574382
270.000000,436.890610
280.000000,437.206837
290.000000,437.523065
300.000000,437.839293
310.000000,438.155521
320.000000,438.471749
330.000000,438.787976
340.000000,439.104204
350.000000,439.420432
360.000000,439.736660
370.000000,440.052887
380.000000,440.369115
390.000000,440.685343
400.000000,441.001571
410.000000,441.317798
420.000000,441.634026
430.000000,441.950254
440.000000,442.266482
450.000000,442.582710
460.000000,442.898937
470.000000,443.215165
480.000000,443.531393
490.000000,443.847621
500.000000,444.163848
510.000000,444.480076
520.000000,444.796304
530.000000,445.112532
540.000000,445.428759
550.000000,445.744987
250.000000,446.061215
260.000000,446.377443
270.000000,446.693670
280.000000,447.009898
290.000000,447.326126
300.000000,447.642354
310.000000,447.958582
320.000000,448.274809
330.000000,448.591037
340.000000,448.907265
350.000000,449.223493
360.000000,449.539720
370.000000,449.855948
380.000000,450.172176
390.000000,450.488404
400.000000,450.804631
410.000000,451.120859
420.000000,451.437087
430.000000,451.753315
440.000000,452.069542
450.000000,452.385770
460.000000,452.701998
470.000000,453.018226
480.000000,453.334454
490.000000,453.650681
500.000000,453.966909
510.000000,454.283137
520.000000,454.599365
530.000000,454.915592
540.000000,455.231820
550.000000,455.548048
250.000000,455.864276
260.000000,456.180503
270.000000,456.496731
280.000000,456.812959
290.000000,457.129187
300.000000,457.445415
310.000000,457.761642
320.000000,458.077870
330.000000,458.394098
340.000000,458.710326
350.000000,459.026553
360.000000,459.342781
370.000000,459.659009
380.000000,459.975237
390.000000,460.291464
400.000000,460.607692
410.000000,460.923920
420.000000,461.240148
430.000000,461.556375
440.000000,461.872603
450.000000,462.188831
460.000000,462.505059
470.000000,462.821287
480.000000,463.137514
490.000000,463.453742
500.000000,463.769970
510.000000,464.086198
520.000000,464.402425
530.000000,464.718653
540.000000,465.034881
550.000000,465.351109
250.000000,465.667336
260.000000,465.983564
270.000000,466.299792
280.000000,466.616020
290.000000,466.932247
300.000000,467.248475
310.000000,467.564703
320.000000,467.880931
330.000000,468.197159
340.000000,468.513386
350.000000,468.829614
360.000000,469.145842
370.000000,469.462070
380.000000,469.778297
390.000000,470.094525
400.000000,470.410753
410.000000,470.726981
420.000000,471.043208
430.000000,471.359436
440.000000,471.675664
450.000000,471.991892
460.000000,472.308120
470.000000,472.624347
480.000000,472.940575
490.000000,473.256803
500.000000,473.573031
510.000000,473.889258
520.000000,474.205486
530.000000,474.521714
540.000000,474.837942
550.000000,475.154169
250.000000,475.470397
260.000000,475.786625
270.000000,476.102853
280.000000,476.419080
290.000000,476.735308
300.000000,477.051536
310.000000,477.367764
320.000000,477.683992
330.000000,478.000219
340.000000,478.316447
350.000000,478.632675
360.000000,478.948903
370.000000,479.265130
380.000000,479.581358
390.000000,479.897586
400.000000,480.213814
410.000000,480.530041
420.000000,480.846269
430.000000,481.162497
440.000000,481.478725
450.000000,481.794952
460.000000,482.111180
470.000000,482.427408
480.000000,482.743636
490.000000,483.059864
500.000000,483.376091
510.000000,483.692319
520.000000,484.008547
530.000000,484.324775
540.000000,484.641002
550.000000,484.957230
250.000000,485.273458
260.000000,485.589686
270.000000,485.905913
280.000000,486.222141
290.000000,486.538369
300.000000,486.854597
310.000000,487.170825
320.000000,487.487052
330.000000,487.803280
340.000000,488.119508
350.000000,488.435736
360.000000,488.751963
370.000000,489.068191
380.000000,489.384419
390.000000,489.700647
400.000000,490.016874
410.000000,490.333102
420.000000,490.649330
430.000000,490.965558
440.000000,491.281785
450.000000,491.598013
460.000000,491.914241
470.000000,492.230469
480.000000,492.546697
490.000000,492.862924
500.000000,493.179152
510.000000,493.495380
520.000000,493.811608
530.000000,494.127835
540.000000,494.444063
550.000000,494.760291
250.000000,495.076519
260.000000,495.392746
270.000000,495.708974
280.000000,496.025202
290.000000,496.341430
300.000000,496.657657
310.000000,496.973885
320.000000,497.290113
330.000000,497.606341
340.000000,497.922569
350.000000,498.238796
360.000000,498.555024
370.000000,498.871252
380.000000,499.187480
390.000000,499.503707
400.000000,499.819935
410.000000,500.136163
420.000000,500.452391
430.000000,500.768618
440.000000,501.084846
450.000000,501.401074
460.000000,501.717302
470.000000,502.033530
480.000000,502.349757
490.000000,502.665985
500.000000,502.982213
510.000000,503.298441
520.000000,503.614668
530.000000,503.930896
540.000000,504.247124
550.000000,504.563352
250.000000,504.879579
260.000000,505.195807
270.000000,505.512035
280.000000,505.828263
290.000000,506.144490
300.000000,506.460718
310.000000,506.776946
320.000000,507.093174
330.000000,507.409402
340.000000,507.725629
350.000000,508.041857
360.000000,508.358085
370.000000,508.674313
380.000000,508.990540
390.000000,509.306768
400.000000,509.622996
410.000000,509.939224
420.000000,510.255451
430.000000,510.571679
440.000000,510.887907
450.000000,511.204135
460.000000,511.520362
470.000000,511.836590
480.000000,512.152818
490.000000,512.469046
500.000000,512.785274
510.000000,513.101501
520.000000,513.417729
530.000000,513.733957
540.000000,514.050185
550.000000,514.366412
250.000000,514.682640
260.000000,514.998868
270.000000,515.315096
280.000000,515.631323
290.000000,515.947551
300.000000,516.263779
310.000000,516.580007
320.000000,516.896235
330.000000,517.212462
340.000000,517.528690
350.000000,517.844918
360.000000,518.161146
370.000000,518.477373
380.000000,518.793601
390.000000,519.109829
400.000000,519.426057
410.000000,519.742284
420.000000,520.058512
430.000000,520.374740
440.000000,520.690968
450.000000,521.007195
460.000000,521.323423
470.000000,521.639651
480.000000,521.955879
490.000000,522.272107
500.000000,522.588334
510.000000,522.904562
520.000000,523.220790
530.000000,523.537018
540.000000,523.853245
550.000000,524.169473
250.000000,524.485701
260.000000,524.801929
270.000000,525.118156
280.000000,525.434384
290.000000,525.750612
300.000000,526.066840
310.000000,526.383067
320.000000,526.699295
330.000000,527.015523
340.000000,527.331751
350.000000,527.647979
360.000000,527.964206
370.000000,528.280434
380.000000,528.596662
390.000000,528.912890
400.000000,529.229117
410.000000,529.545345
420.000000,529.861573
430.000000,530.177801
440.000000,530.494028
450.000000,530.810256
460.000000,531.126484
470.000000,531.442712
480.000000,531.758940
490.000000,532.075167
500.000000,532.391395
510.000000,532.707623
520.000000,533.023851
530.000000,533.340078
540.000000,533.656306
550.000000,533.972534
250.000000,534.288762
260.000000,534.604989
270.000000,534.921217
280.000000,535.237445
290.000000,535.553673
300.000000,535.869900
310.000000,536.186128
320.000000,536.502356
330.000000,536.818584
340.000000,537.134812
350.000000,537.451039
360.000000,537.767267
370.000000,538.083495
380.000000,538.399723
390.000000,538.715950
400.000000,539.032178
410.000000,539.348406
420.000000,539.664634
430.000000,539.980861
440.000000,540.297089
450.000000,540.613317
460.000000,540.929545
470.000000,541.245773
480.000000,541.562000
490.000000,541.878228
500.000000,542.194456
510.000000,542.510684
520.000000,542.826911
530.000000,543.143139
540.000000,543.459367
550.000000,543.775595
250.000000,544.091822
260.000000,544.408050
270.000000,544.724278
280.000000,545.040506
290.000000,545.356733
300.000000,545.672961
310.000000,545.989189
320.000000,546.305417
330.000000,546.621645
340.000000,546.937872
350.000000,547.254100
360.000000,547.570328
370.000000,547.886556
380.000000,548.202783
390.000000,548.519011
400.000000,548.835239
410.000000,549.151467
420.000000,549.467694
430.000000,549.783922
440.000000,550.100150
450.000000,550.416378
460.000000,550.732605
470.000000,551.048833
480.000000,551.365061
490.000000,551.681289
500.000000,551.997517
510.000000,552.313744
520.000000,552.629972
530.000000,552.946200
540.000000,553.262428
550.000000,553.578655
250.000000,553.894883
260.000000,554.211111
270.000000,554.527339
280.000000,554.843566
290.000000,555.159794
300.000000,555.476022
310.000000,555.792250
320.000000,556.108478
330.000000,556.424705
340.000000,556.740933
350.000000,557.057161
360.000000,557.373389
370.000000,557.689616
380.000000,558.005844
390.000000,558.322072
400.000000,558.638300
410.000000,558.954527
420.000000,559.270755
430.000000,559.586983
440.000000,559.903211
450.000000,560.219438
460.000000,560.535666
470.000000,560.851894
480.000000,561.168122
490.000000,561.484350
500.000000,561.800577
510.000000,562.116805
520.000000,562.433033
530.000000,562.749261
540.000000,563.065488
550.000000,563.381716
250.000000,563.697944
260.000000,564.014172
270.000000,564.330399
280.000000,564.646627
290.000000,564.962855
300.000000,565.279083
310.000000,565.595310
320.000000,565.911538


250.000000,250.000000 
260.000000,250.223607 
270.000000,250.447214 
280.000000,250.670820 
290.000000,250.894427 
300.000000,251.118034 
310.000000,251.341641 
320.000000,251.565248 
330.000000,251.788854 
340.000000,252.012461 
350.000000,252.236068 
360.000000,252.459675 
370.000000,252.683282 
380.000000,252.906888 
390.000000,253.130495 
400.000000,253.354102 
410.000000,253.577709 
420.000000,253.801316 
430.000000,254.024922 
440.000000,254.248529 
450.000000,254.472136 
460.000000,254.695743 
470.000000,254.919350 
480.000000,255.142956 
490.000000,255.366563 
500.000000,255.590170 
510.000000,255.813777 
520.000000,256.037384 
530.000000,256.260990 
540.000000,256.484597 
550.000000,256.708204 
560.000000,256.931811 
570.000000,257.155418 
580.000000,257.379024 
590.000000,257.602631 
600.000000,257.826238 
610.000000,258.049845 
620.000000,258.273452 
630.000000,258.497058 
640.000000,258.720665 
650.000000,258.944272 
660.000000,259.167879 
670.000000,259.391486 
680.000000,259.615092 
250.000000,259.838699 
260.000000,260.062306 
270.000000,260.285913 
280.000000,260.509519 
290.000000,260.733126 
300.000000,260.956733 
310.000000,261.180340 
320.000000,261.403947 
330.000000,261.627553 
340.000000,261.851160 
350.000000,262.074767 
360.000000,262.298374 
370.000000,262.521981 
380.000000,262.745587 
390.000000,262.969194 
400.000000,263.192801 
410.000000,263.416408 
420.000000,263.640015 
430.000000,263.863621 
440.000000,264.087228 
450.000000,264.310835 
460.000000,264.534442 
470.000000,264.758049 
480.000000,264.981655 
490.000000,265.205262 
500.000000,265.428869 
510.000000,265.652476 
520.000000,265.876083 
530.000000,266.099689 
540.000000,266.323296 
550.000000,266.546903 
560.000000,266.770510 
570.000000,266.994117 
580.000000,267.217723 
590.000000,267.441330 
600.000000,267.664937 
610.000000,267.888544 
620.000000,268.112151 
630.000000,268.335757 
640.000000,268.559364 
650.000000,268.782971 
660.000000,269.006578 
670.000000,269.230185 
680.000000,269.453791 
250.000000,269.677398 
260.000000,269.901005 
270.000000,270.124612 
280.000000,270.348219 
290.000000,270.571825 
300.000000,270.795432 
310.000000,271.019039 
320.000000,271.242646 
330.000000,271.466253 
340.000000,271.689859 
350.000000,271.913466 
360.000000,272.137073 
370.000000,272.360680 
380.000000,272.584287 
390.000000,272.807893 
400.000000,273.031500 
410.000000,273.255107 
420.000000,273.478714 
430.000000,273.702321 
440.000000,273.925927 
450.000000,274.149534 
460.000000,274.373141 
470.000000,274.596748 
480.000000,274.820355 
490.000000,275.043961 
500.000000,275.267568 
510.000000,275.491175 
520.000000,275.714782 
530.000000,275.938389 
540.000000,276.161995 
550.000000,276.385602 
560.000000,276.609209 
570.000000,276.832816 
580.000000,277.056423 
590.000000,277.280029 
600.000000,277.503636 
610.000000,277.727243 
620.000000,277.950850 
630.000000,278.174457 
640.000000,278.398063 
650.000000,278.621670 
660.000000,278.845277 
670.000000,279.068884 
680.000000,279.292491 
250.000000,279.516097 
260.000000,279.739704 
270.000000,279.963311 
280.000000,280.186918 
290.000000,280.410524 
300.000000,280.634131 
310.000000,280.857738 
320.000000,281.081345 
330.000000,281.304952 
340.000000,281.528558 
350.000000,281.752165 
360.000000,281.975772 
370.000000,282.199379 
380.000000,282.422986 
390.000000,282.646592 
400.000000,282.870199 
410.000000,283.093806 
420.000000,283.317413 
430.000000,283.541020 
440.000000,283.764626 
450.000000,283.988233 
460.000000,284.211840 
470.000000,284.435447 
480.000000,284.659054 
490.000000,284.882660 
500.000000,285.106267 
510.000000,285.329874 
520.000000,285.553481 
530.000000,285.777088 
540.000000,286.000694 
550.000000,286.224301 
560.000000,286.447908 
570.000000,286.671515 
580.000000,286.895122 
590.000000,287.118728 
600.000000,287.342335 
610.000000,287.565942 
620.000000,287.789549 
630.000000,288.013156 
640.000000,288.236762 
650.000000,288.460369 
660.000000,288.683976 
670.000000,288.907583 
680.000000,289.131190 
250.000000,289.354796 
260.000000,289.578403 
270.000000,289.802010 
280.000000,290.025617 
290.000000,290.249224 
300.000000,290.472830 
310.000000,290.696437 
320.000000,290.920044 
330.000000,291.143651 
340.000000,291.367258 
350.000000,291.590864 
360.000000,291.814471 
370.000000,292.038078 
380.000000,292.261685 
390.000000,292.485292 
400.000000,292.708898 
410.000000,292.932505 
420.000000,293.156112 
430.000000,293.379719 
440.000000,293.603326 
450.000000,293.826932 
460.000000,294.050539 
470.000000,294.274146 
480.000000,294.497753 
490.000000,294.721360 
500.000000,294.944966 
510.000000,295.168573 
520.000000,295.392180 
530.000000,295.615787 
540.000000,295.839394 
550.000000,296.063000 
560.000000,296.286607 
570.000000,296.510214 
580.000000,296.733821 
590.000000,296.957428 
600.000000,297.181034 
610.000000,297.404641 
620.000000,297.628248 
630.000000,297.851855 
640.000000,298.075462 
650.000000,298.299068 
660.000000,298.522675 
670.000000,298.746282 
680.000000,298.969889 
250.000000,299.193496 
260.000000,299.417102 
270.000000,299.640709 
280.000000,299.864316 
290.000000,300.087923 
300.000000,300.311529 
310.000000,300.535136 
320.000000,300.758743 
330.000000,300.982350 
340.000000,301.205957 
350.000000,301.429563 
360.000000,301.653170 
370.000000,301.876777 
380.000000,302.100384 
390.000000,302.323991 
400.000000,302.547597 
410.000000,302.771204 
420.000000,302.994811 
430.000000,303.218418 
440.000000,303.442025 
450.000000,303.665631 
460.000000,303.889238 
470.000000,304.112845 
480.000000,304.336452 
490.000000,304.560059 
500.000000,304.783665 
510.000000,305.007272 
520.000000,305.230879 
530.000000,305.454486 
540.000000,305.678093 
550.000000,305.901699 
560.000000,306.125306 
570.000000,306.348913 
580.000000,306.572520 
590.000000,306.796127 
600.000000,307.019733 
610.000000,307.243340 
620.000000,307.466947 
630.000000,307.690554 
640.000000,307.914161 
650.000000,308.137767 
660.000000,308.361374 
670.000000,308.584981 
680.000000,308.808588 
250.000000,309.032195 
260.000000,309.255801 
270.000000,309.479408 
280.000000,309.703015 
290.000000,309.926622 
300.000000,310.150229 
310.000000,310.373835 
320.000000,310.597442 
330.000000,310.821049 
340.000000,311.044656 
350.000000,311.268263 
360.000000,311.491869 
370.000000,311.715476 
380.000000,311.939083 
390.000000,312.162690 
400.000000,312.386297 
410.000000,312.609903 
420.000000,312.833510 
430.000000,313.057117 
440.000000,313.280724 
450.000000,313.504331 
460.000000,313.727937 
470.000000,313.951544 
480.000000,314.175151 
490.000000,314.398758 
500.000000,314.622365 
510.000000,314.845971 
520.000000,315.069578 
530.000000,315.293185 
540.000000,315.516792 
550.000000,315.740399 
560.000000,315.964005 
570.000000,316.187612 
580.000000,316.411219 
590.000000,316.634826 
600.000000,316.858433 
610.000000,317.082039 
620.000000,317.305646 
630.000000,317.529253 
640.000000,317.752860 
650.000000,317.976467 
660.000000,318.200073 
670.000000,318.423680 
680.000000,318.647287 
250.000000,318.870894 
260.000000,319.094501 
270.000000,319.318107 
280.000000,319.541714 
290.000000,319.765321 
300.000000,319.988928 
310.000000,320.212534 
320.000000,320.436141 
330.000000,320.659748 
340.000000,320.883355 
350.000000,321.106962 
360.000000,321.330568 
370.000000,321.554175 
380.000000,321.777782 
390.000000,322.001389 
400.000000,322.224996 
410.000000,322.448602 
420.000000,322.672209 
430.000000,322.895816 
440.000000,323.119423 
450.000000,323.343030 
460.000000,323.566636 
470.000000,323.790243 
480.000000,324.013850 
490.000000,324.237457 
500.000000,324.461064 
510.000000,324.684670 
520.000000,324.908277 
530.000000,325.131884 
540.000000,325.355491 
550.000000,325.579098 
560.000000,325.802704 
570.000000,326.026311 
580.000000,326.249918 
590.000000,326.473525 
600.000000,326.697132 
610.000000,326.920738 
620.000000,327.144345 
630.000000,327.367952 
640.000000,327.591559 
650.000000,327.815166 
660.000000,328.038772 
670.000000,328.262379 
680.000000,328.485986 
250.000000,328.709593 
260.000000,328.933200 
270.000000,329.156806 
280.000000,329.380413 
290.000000,329.604020 
300.000000,329.827627 
310.000000,330.051234 
320.000000,330.274840 
330.000000,330.498447 
340.000000,330.722054 
350.000000,330.945661 
360.000000,331.169268 
370.000000,331.392874 
380.000000,331.616481 
390.000000,331.840088 
400.000000,332.063695 
410.000000,332.287302 
420.000000,332.510908 
430.000000,332.734515 
440.000000,332.958122 
450.000000,333.181729 
460.000000,333.405336 
470.000000,333.628942 
480.000000,333.852549 
490.000000,334.076156 
500.000000,334.299763 
510.000000,334.523370 
520.000000,334.746976 
530.000000,334.970583 
540.000000,335.194190 
550.000000,335.417797 
560.000000,335.641404 
570.000000,335.865010 
580.000000,336.088617 
590.000000,336.312224 
600.000000,336.535831 
610.000000,336.759438 
620.000000,336.983044 
630.000000,337.206651 
640.000000,337.430258 
650.000000,337.653865 
660.000000,337.877472 
670.000000,338.101078 
680.000000,338.324685 
250.000000,338.548292 
260.000000,338.771899 
270.000000,338.995506 
280.000000,339.219112 
290.000000,339.442719 
300.000000,339.666326 
310.000000,339.889933 
320.000000,340.113539 
330.000000,340.337146 
340.000000,340.560753 
350.000000,340.784360 
360.000000,341.007967 
370.000000,341.231573 
380.000000,341.455180 
390.000000,341.678787 
400.000000,341.902394 
410.000000,342.126001 
420.000000,342.349607 
430.000000,342.573214 
440.000000,342.796821 
450.000000,343.020428 
460.000000,343.244035 
470.000000,343.467641 
480.000000,343.691248 
490.000000,343.914855 
500.000000,344.138462 
510.000000,344.362069 
520.000000,344.585675 
530.000000,344.809282 
540.000000,345.032889 
550.000000,345.256496 
560.000000,345.480103 
570.000000,345.703709 
580.000000,345.927316 
590.000000,346.150923 
600.000000,346.374530 
610.000000,346.598137 
620.000000,346.821743 
630.000000,347.045350 
640.000000,347.268957 
650.000000,347.492564 
660.000000,347.716171 
670.000000,347.939777 
680.000000,348.163384 
250.000000,348.386991 
260.000000,348.610598 
270.000000,348.834205 
280.000000,349.057811 
290.000000,349.281418 
300.000000,349.505025 
310.000000,349.728632 
320.000000,349.952239 
330.000000,350.175845 
340.000000,350.399452 
350.000000,350.623059 
360.000000,350.846666 
370.000000,351.070273 
380.000000,351.293879 
390.000000,351.517486 
400.000000,351.741093 
410.000000,351.964700 
420.000000,352.188307 
430.000000,352.411913 
440.000000,352.635520 
450.000000,352.859127 
460.000000,353.082734 
470.000000,353.306341 
480.000000,353.529947 
490.000000,353.753554 
500.000000,353.977161 
510.000000,354.200768 
520.000000,354.424375 
530.000000,354.647981 
540.000000,354.871588 
550.000000,355.095195 
560.000000,355.318802 
570.000000,355.542409 
580.000000,355.766015 
590.000000,355.989622 
600.000000,356.213229 
610.000000,356.436836 
620.000000,356.660443 
630.000000,356.884049 
640.000000,357.107656 
650.000000,357.331263 
660.000000,357.554870 
670.000000,357.778477 
680.000000,358.002083 
250.000000,358.225690 
260.000000,358.449297 
270.000000,358.672904 
280.000000,358.896511 
290.000000,359.120117 
300.000000,359.343724 
310.000000,359.567331 
320.000000,359.790938 
330.000000,360.014544 
340.000000,360.238151 
350.000000,360.461758 
360.000000,360.685365 
370.000000,360.908972 
380.000000,361.132578 
390.000000,361.356185 
400.000000,361.579792 
410.000000,361.803399 
420.000000,362.027006 
430.000000,362.250612 
440.000000,362.474219 
450.000000,362.697826 
460.000000,362.921433 
470.000000,363.145040 
480.000000,363.368646 
490.000000,363.592253 
500.000000,363.815860 
510.000000,364.039467 
520.000000,364.263074 
530.000000,364.486680 
540.000000,364.710287 
550.000000,364.933894 
560.000000,365.157501 
570.000000,365.381108 
580.000000,365.604714 
590.000000,365.828321 
600.000000,366.051928 
610.000000,366.275535 
620.000000,366.499142 
630.000000,366.722748 
640.000000,366.946355 
650.000000,367.169962 
660.000000,367.393569 
670.000000,367.617176 
680.000000,367.840782 
250.000000,368.064389 
260.000000,368.287996 
270.000000,368.511603 
280.000000,368.735210 
290.000000,368.958816 
300.000000,369.182423 
310.000000,369.406030 
320.000000,369.629637 
330.000000,369.853244 
340.000000,370.076850 
350.000000,370.300457 
360.000000,370.524064 
370.000000,370.747671 
380.000000,370.971278 
390.000000,371.194884 
400.000000,371.418491 
410.000000,371.642098 
420.000000,371.865705 
430.000000,372.089312 
440.000000,372.312918 
450.000000,372.536525 
460.000000,372.760132 
470.000000,372.983739 
480.000000,373.207346 
490.000000,373.430952 
500.000000,373.654559 
510.000000,373.878166 
520.000000,374.101773 
530.000000,374.325380 
540.000000,374.548986 
550.000000,374.772593 
560.000000,374.996200 
570.000000,375.219807 
580.000000,375.443414 
590.000000,375.667020 
600.000000,375.890627 
610.000000,376.114234 
620.000000,376.337841 
630.000000,376.561448 
640.000000,376.785054 
650.000000,377.008661 
660.000000,377.232268 
670.000000,377.455875 
680.000000,377.679482 
250.000000,377.903088 
260.000000,378.126695 
270.000000,378.350302 
280.000000,378.573909 
290.000000,378.797516 
300.000000,379.021122 
310.000000,379.244729 
320.000000,379.468336 
330.000000,379.691943 
340.000000,379.915549 
350.000000,380.139156 
360.000000,380.362763 
370.000000,380.586370 
380.000000,380.809977 
390.000000,381.033583 
400.000000,381.257190 
410.000000,381.480797 
420.000000,381.704404 
430.000000,381.928011 
440.000000,382.151617 
450.000000,382.375224 
460.000000,382.598831 
470.000000,382.822438 
480.000000,383.046045 
490.000000,383.269651 
500.000000,383.493258 
510.000000,383.716865 
520.000000,383.940472 
530.000000,384.164079 
540.000000,384.387685 
550.000000,384.611292 
560.000000,384.834899 
570.000000,385.058506 
580.000000,385.282113 
590.000000,385.505719 
600.000000,385.729326 
610.000000,385.952933 
620.000000,386.176540 
630.000000,386.400147 
640.000000,386.623753 
650.000000,386.847360 
660.000000,387.070967 
670.000000,387.294574 
680.000000,387.518181 
250.000000,387.741787 
260.000000,387.965394 
270.000000,388.189001 
280.000000,388.412608 
290.000000,388.636215 
300.000000,388.859821 
310.000000,389.083428 
320.000000,389.307035 
330.000000,389.530642 
340.000000,389.754249 
350.000000,389.977855 
360.000000,390.201462 
370.000000,390.425069 
380.000000,390.648676 
390.000000,390.872283 
400.000000,391.095889 
410.000000,391.319496 
420.000000,391.543103 
430.000000,391.766710 
440.000000,391.990317 
450.000000,392.213923 
460.000000,392.437530 
470.000000,392.661137 
480.000000,392.884744 
490.000000,393.108351 
500.000000,393.331957 
510.000000,393.555564 
520.000000,393.779171 
530.000000,394.002778 
540.000000,394.226385 
550.000000,394.449991 
560.000000,394.673598 
570.000000,394.897205 
580.000000,395.120812 
590.000000,395.344419 
600.000000,395.568025 
610.000000,395.791632 
620.000000,396.015239 
630.000000,396.238846 
640.000000,396.462453 
650.000000,396.686059 
660.000000,396.909666 
670.000000,397.133273 
680.000000,397.356880 
250.000000,397.580487 
260.000000,397.804093 
270.000000,398.027700 
280.000000,398.251307 
290.000000,398.474914 
300.000000,398.698521 
310.000000,398.922127 
320.000000,399.145734 
330.000000,399.369341 
340.000000,399.592948 
350.000000,399.816554 
360.000000,400.040161 
370.000000,400.263768 
380.000000,400.487375 
390.000000,400.710982 
400.000000,400.934588 
410.000000,401.158195 
420.000000,401.381802 
430.000000,401.605409 
440.000000,401.829016 
450.000000,402.052622 
460.000000,402.276229 
470.000000,402.499836 
480.000000,402.723443 
490.000000,402.947050 
500.000000,403.170656 
510.000000,403.394263 
520.000000,403.617870 
530.000000,403.841477 
540.000000,404.065084 
550.000000,404.288690 
560.000000,404.512297 
570.000000,404.735904 
580.000000,404.959511 
590.000000,405.183118 
600.000000,405.406724 
610.000000,405.630331 
620.000000,405.853938 
630.000000,406.077545 
640.000000,406.301152 
650.000000,406.524758 
660.000000,406.748365 
670.000000,406.971972 
680.000000,407.195579 
250.000000,407.419186 
260.000000,407.642792 
270.000000,407.866399 
280.000000,408.090006 
290.000000,408.313613 
300.000000,408.537220 
310.000000,408.760826 
320.000000,408.984433 
330.000000,409.208040 
340.000000,409.431647 
350.000000,409.655254 
360.000000,409.878860 
370.000000,410.102467 
380.000000,410.326074 
390.000000,410.549681 
400.000000,410.773288 
410.000000,410.996894 
420.000000,411.220501 
430.000000,411.444108 
440.000000,411.667715 
450.000000,411.891322 
460.000000,412.114928 
470.000000,412.338535 
480.000000,412.562142 
490.000000,412.785749 
500.000000,413.009356 
510.000000,413.232962 
520.000000,413.456569 
530.000000,413.680176 
540.000000,413.903783 
550.000000,414.127390 
560.000000,414.350996 
570.000000,414.574603 
580.000000,414.798210 
590.000000,415.021817 
600.000000,415.245424 
610.000000,415.469030 
620.000000,415.692637 
630.000000,415.916244 
640.000000,416.139851 
650.000000,416.363458 
660.000000,416.587064 
670.000000,416.810671 
680.000000,417.034278 
250.000000,417.257885 
260.000000,417.481492 
270.000000,417.705098 
280.000000,417.928705 
290.000000,418.152312 
300.000000,418.375919 
310.000000,418.599526 
320.000000,418.823132 
330.000000,419.046739 
340.000000,419.270346 
350.000000,419.493953 
360.000000,419.717559 
370.000000,419.941166 
380.000000,420.164773 
390.000000,420.388380 
400.000000,420.611987 
410.000000,420.835593 
420.000000,421.059200 
430.000000,421.282807 
440.000000,421.506414 
450.000000,421.730021 
460.000000,421.953627 
470.000000,422.177234 
480.000000,422.400841 
490.000000,422.624448 
500.000000,422.848055 
510.000000,423.071661 
520.000000,423.295268 
530.000000,423.518875 
540.000000,423.742482 
550.000000,423.966089 
560.000000,424.189695 
570.000000,424.413302 
580.000000,424.636909 
590.000000,424.860516 
600.000000,425.084123 
610.000000,425.307729 
620.000000,425.531336 
630.000000,425.754943 
640.000000,425.978550 
650.000000,426.202157 
660.000000,426.425763 
670.000000,426.649370 
680.000000,426.872977 
250.000000,427.096584 
260.000000,427.320191 
270.000000,427.543797 
280.000000,427.767404 
290.000000,427.991011 
300.000000,428.214618 
310.000000,428.438225 
320.000000,428.661831 
330.000000,428.885438 
340.000000,429.109045 
350.000000,429.332652 
360.000000,429.556259 
370.000000,429.779865 
380.000000,430.003472 
390.000000,430.227079 
400.000000,430.450686 
410.000000,430.674293 
420.000000,430.897899 
430.000000,431.121506 
440.000000,431.345113 
450.000000,431.568720 
460.000000,431.792327 
470.000000,432.015933 
480.000000,432.239540 
490.000000,432.463147 
500.000000,432.686754 
510.000000,432.910361 
520.000000,433.133967 
530.000000,433.357574 
540.000000,433.581181 
550.000000,433.804788 
560.000000,434.028395 
570.000000,434.252001 
580.000000,434.475608 
590.000000,434.699215 
600.000000,434.922822 
610.000000,435.146429 
620.000000,435.370035 
630.000000,435.593642 
640.000000,435.817249 
650.000000,436.040856 
660.000000,436.264463 
670.000000,436.488069 
680.000000,436.711676 
250.000000,436.935283 
260.000000,437.158890 
270.000000,437.382497 
280.000000,437.606103 
290.000000,437.829710 
300.000000,438.053317 
310.000000,438.276924 
320.000000,438.500531 
330.000000,438.724137 
340.000000,438.947744 
350.000000,439.171351 
360.000000,439.394958 
370.000000,439.618564 
380.000000,439.842171 
390.000000,440.065778 
400.000000,440.289385 
410.000000,440.512992 
420.000000,440.736598 
430.000000,440.960205 
440.000000,441.183812 
450.000000,441.407419 
460.000000,441.631026 
470.000000,441.854632 
480.000000,442.078239 
490.000000,442.301846 
500.000000,442.525453 
510.000000,442.749060 
520.000000,442.972666 
530.000000,443.196273 
540.000000,443.419880 
550.000000,443.643487 
560.000000,443.867094 
570.000000,444.090700 
580.000000,444.314307 
590.000000,444.537914 
600.000000,444.761521 
610.000000,444.985128 
620.000000,445.208734 
630.000000,445.432341 
640.000000,445.655948 
650.000000,445.879555 
660.000000,446.103162 
670.000000,446.326768 
680.000000,446.550375 
250.000000,446.773982 
260.000000,446.997589 
270.000000,447.221196 
280.000000,447.444802 
290.000000,447.668409 
300.000000,447.892016 
310.000000,448.115623 
320.000000,448.339230 
330.000000,448.562836 
340.000000,448.786443 
350.000000,449.010050 
360.000000,449.233657 
370.000000,449.457264 
380.000000,449.680870 
390.000000,449.904477 
400.000000,450.128084 
410.000000,450.351691 
420.000000,450.575298 
430.000000,450.798904 
440.000000,451.022511 
450.000000,451.246118 
460.000000,451.469725 
470.000000,451.693332 
480.000000,451.916938 
490.000000,452.140545 
500.000000,452.364152 
510.000000,452.587759 
520.000000,452.811366 
530.000000,453.034972 
540.000000,453.258579 
550.000000,453.482186 
560.000000,453.705793 
570.000000,453.929400 
580.000000,454.153006 
590.000000,454.376613 
600.000000,454.600220 
610.000000,454.823827 
620.000000,455.047434 
630.000000,455.271040 
640.000000,455.494647 
650.000000,455.718254 
660.000000,455.941861 
670.000000,456.165468 
680.000000,456.389074 
250.000000,456.612681 
260.000000,456.836288 
270.000000,457.059895 
280.000000,457.283502 
290.000000,457.507108 
300.000000,457.730715 
310.000000,457.954322 
320.000000,458.177929 
330.000000,458.401536 
340.000000,458.625142 
350.000000,458.848749 
360.000000,459.072356 
370.000000,459.295963 
380.000000,459.519569 
390.000000,459.743176 
400.000000,459.966783 
410.000000,460.190390 
420.000000,460.413997 
430.000000,460.637603 
440.000000,460.861210 
450.000000,461.084817 
460.000000,461.308424 
470.000000,461.532031 
480.000000,461.755637 
490.000000,461.979244 
500.000000,462.202851 
510.000000,462.426458 
520.000000,462.650065 
530.000000,462.873671 
540.000000,463.097278 
550.000000,463.320885 
560.000000,463.544492 
570.000000,463.768099 
580.000000,463.991705 
590.000000,464.215312 
600.000000,464.438919 
610.000000,464.662526 
620.000000,464.886133 
630.000000,465.109739 
640.000000,465.333346 
650.000000,465.556953 
660.000000,465.780560 
670.000000,466.004167 
680.000000,466.227773 
250.000000,466.451380 
260.000000,466.674987 
270.000000,466.898594 
280.000000,467.122201 
290.000000,467.345807 
300.000000,467.569414 
310.000000,467.793021 
320.000000,468.016628 
330.000000,468.240235 
340.000000,468.463841 
350.000000,468.687448 
360.000000,468.911055 
370.000000,469.134662 
380.000000,469.358269 
390.000000,469.581875 
400.000000,469.805482 
410.000000,470.029089 
420.000000,470.252696 
430.000000,470.476303 
440.000000,470.699909 
450.000000,470.923516 
460.000000,471.147123 
470.000000,471.370730 
480.000000,471.594337 
490.000000,471.817943 
500.000000,472.041550 
510.000000,472.265157 
520.000000,472.488764 
530.000000,472.712371 
540.000000,472.935977 
550.000000,473.159584 
560.000000,473.383191 
570.000000,473.606798 
580.000000,473.830405 
590.000000,474.054011 
600.000000,474.277618 
610.000000,474.501225 
620.000000,474.724832 
630.000000,474.948439 
640.000000,475.172045 
650.000000,475.395652 
660.000000,475.619259 
670.000000,475.842866 
680.000000,476.066473 
250.000000,476.290079 
260.000000,476.513686 
270.000000,476.737293 
280.000000,476.960900 
290.000000,477.184507 
300.000000,477.408113 
310.000000,477.631720 
320.000000,477.855327 
330.000000,478.078934 
340.000000,478.302541 
350.000000,478.526147 
360.000000,478.749754 
370.000000,478.973361 
380.000000,479.196968 
390.000000,479.420574 
400.000000,479.644181 
410.000000,479.867788 
420.000000,480.091395 
430.000000,480.315002 
440.000000,480.538608 
450.000000,480.762215 
460.000000,480.985822 
470.000000,481.209429 
480.000000,481.433036 
490.000000,481.656642 
500.000000,481.880249 
510.000000,482.103856 
520.000000,482.327463 
530.000000,482.551070 
540.000000,482.774676 
550.000000,482.998283 
560.000000,483.221890 
570.000000,483.445497 
580.000000,483.669104 
590.000000,483.892710 
600.000000,484.116317 
610.000000,484.339924 
620.000000,484.563531 
630.000000,484.787138 
640.000000,485.010744 
650.000000,485.234351 
660.000000,485.457958 
670.000000,485.681565 
680.000000,485.905172 
250.000000,486.128778 
260.000000,486.352385 
270.000000,486.575992 
280.000000,486.799599 
290.000000,487.023206 
300.000000,487.246812 
310.000000,487.470419 
320.000000,487.694026 
330.000000,487.917633 
340.000000,488.141240 
350.000000,488.364846 
360.000000,488.588453 
370.000000,488.812060 
380.000000,489.035667 
390.000000,489.259274 
400.000000,489.482880 
410.000000,489.706487 
420.000000,489.930094 
430.000000,490.153701 
440.000000,490.377308 
450.000000,490.600914 
460.000000,490.824521 
470.000000,491.048128 
480.000000,491.271735 
490.000000,491.495342 
500.000000,491.718948 
510.000000,491.942555 
520.000000,492.166162 
530.000000,492.389769 
540.000000,492.613376 
550.000000,492.836982 
560.000000,493.060589 
570.000000,493.284196 
580.000000,493.507803 
590.000000,493.731410 
600.000000,493.955016 
610.000000,494.178623 
620.000000,494.402230 
630.000000,494.625837 
640.000000,494.849444 
650.000000,495.073050 
660.000000,495.296657 
670.000000,495.520264 
680.000000,495.743871 
250.000000,495.967478 
260.000000,496.191084 
270.000000,496.414691 
280.000000,496.638298 
290.000000,496.861905 
300.000000,497.085512 
310.000000,497.309118 
320.000000,497.532725 
330.000000,497.756332 
340.000000,497.979939 
350.000000,498.203546 
360.000000,498.427152 
370.000000,498.650759 
380.000000,498.874366 
390.000000,499.097973 
400.000000,499.321579 
410.000000,499.545186 
420.000000,499.768793 
430.000000,499.992400 
440.000000,500.216007 
450.000000,500.439613 
460.000000,500.663220 
470.000000,500.886827 
480.000000,501.110434 
490.000000,501.334041 
500.000000,501.557647 
510.000000,501.781254 
520.000000,502.004861 
530.000000,502.228468 
540.000000,502.452075 
550.000000,502.675681 
560.000000,502.899288 
570.000000,503.122895 
580.000000,503.346502 
590.000000,503.570109 
600.000000,503.793715 
610.000000,504.017322 
620.000000,504.240929 
630.000000,504.464536 
640.000000,504.688143 
650.000000,504.911749 
660.000000,505.135356 
670.000000,505.358963 
680.000000,505.582570 
250.000000,505.806177 
260.000000,506.029783 
270.000000,506.253390 
280.000000,506.476997 
290.000000,506.700604 
300.000000,506.924211 
310.000000,507.147817 
320.000000,507.371424 
330.000000,507.595031 
340.000000,507.818638 
350.000000,508.042245 
360.000000,508.265851 
370.000000,508.489458 
380.000000,508.713065 
390.000000,508.936672 
400.000000,509.160279 
410.000000,509.383885 
420.000000,509.607492 
430.000000,509.831099 
440.000000,510.054706 
450.000000,510.278313 
460.000000,510.501919 
470.000000,510.725526 
480.000000,510.949133 
490.000000,511.172740 
500.000000,511.396347 
510.000000,511.619953 
520.000000,511.843560 
530.000000,512.067167 
540.000000,512.290774 
550.000000,512.514381 
560.000000,512.737987 
570.000000,512.961594 
580.000000,513.185201 
590.000000,513.408808 
600.000000,513.632415 
610.000000,513.856021 
620.000000,514.079628 
630.000000,514.303235 
640.000000,514.526842 
650.000000,514.750449 
660.000000,514.974055 
670.000000,515.197662 
680.000000,515.421269 
250.000000,515.644876 
260.000000,515.868483 
270.000000,516.092089 
280.000000,516.315696 
290.000000,516.539303 
300.000000,516.762910 
310.000000,516.986517 
320.000000,517.210123 
330.000000,517.433730 
340.000000,517.657337 
350.000000,517.880944 
360.000000,518.104551 
370.000000,518.328157 
380.000000,518.551764 
390.000000,518.775371 
400.000000,518.998978 
410.000000,519.222584 
420.000000,519.446191 
430.000000,519.669798 
440.000000,519.893405 
450.000000,520.117012 
460.000000,520.340618 
470.000000,520.564225 
480.000000,520.787832 
490.000000,521.011439 
500.000000,521.235046 
510.000000,521.458652 
520.000000,521.682259 
530.000000,521.905866 
540.000000,522.129473 
550.000000,522.353080 
560.000000,522.576686 
570.000000,522.800293 
580.000000,523.023900 
590.000000,523.247507 
600.000000,523.471114 
610.000000,523.694720 
620.000000,523.918327 
630.000000,524.141934 
640.000000,524.365541 
650.000000,524.589148 
660.000000,524.812754 
670.000000,525.036361 
680.000000,525.259968 
250.000000,525.483575 
260.000000,525.707182 
270.000000,525.930788 
280.000000,526.154395 
290.000000,526.378002 
300.000000,526.601609 
310.000000,526.825216 
320.000000,527.048822 
330.000000,527.272429 
340.000000,527.496036 
350.000000,527.719643 
360.000000,527.943250 
370.000000,528.166856 
380.000000,528.390463 
390.000000,528.614070 
400.000000,528.837677 
410.000000,529.061284 
420.000000,529.284890 
430.000000,529.508497 
440.000000,529.732104 
450.000000,529.955711 
460.000000,530.179318 
470.000000,530.402924 
480.000000,530.626531 
490.000000,530.850138 
500.000000,531.073745 
510.000000,531.297352 
520.000000,531.520958 
530.000000,531.744565 
540.000000,531.968172 
550.000000,532.191779 
560.000000,532.415386 
570.000000,532.638992 
580.000000,532.862599 
590.000000,533.086206 
600.000000,533.309813 
610.000000,533.533420 
620.000000,533.757026 
630.000000,533.980633 
640.000000,534.204240 
650.000000,534.427847 
660.000000,534.651454 
670.000000,534.875060 
680.000000,535.098667 
250.000000,535.322274 
260.000000,535.545881 
270.000000,535.769488 
280.000000,535.993094 
290.000000,536.216701 
300.000000,536.440308 
310.000000,536.663915 
320.000000,536.887522 
330.000000,537.111128 
340.000000,537.334735 
350.000000,537.558342 
360.000000,537.781949 
370.000000,538.005556 
380.000000,538.229162 
390.000000,538.452769 
400.000000,538.676376 
410.000000,538.899983 
420.000000,539.123589 
430.000000,539.347196 
440.000000,539.570803 
450.000000,539.794410 
460.000000,540.018017 
470.000000,540.241623 
480.000000,540.465230 
490.000000,540.688837 
500.000000,540.912444 
510.000000,541.136051 
520.000000,541.359657 
530.000000,541.583264 
540.000000,541.806871 
550.000000,542.030478 
560.000000,542.254085 
570.000000,542.477691 
580.000000,542.701298 
590.000000,542.924905 
600.000000,543.148512 
610.000000,543.372119 
620.000000,543.595725 
630.000000,543.819332 
640.000000,544.042939 
650.000000,544.266546 
660.000000,544.490153 
670.000000,544.713759 
680.000000,544.937366 
250.000000,545.160973 
260.000000,545.384580 
270.000000,545.608187 
280.000000,545.831793 
290.000000,546.055400 
300.000000,546.279007 
310.000000,546.502614 
320.000000,546.726221 
330.000000,546.949827 
340.000000,547.173434 
350.000000,547.397041 
360.000000,547.620648 
370.000000,547.844255 
380.000000,548.067861 
390.000000,548.291468 
400.000000,548.515075 
410.000000,548.738682 
420.000000,548.962289 
430.000000,549.185895 
440.000000,549.409502 
450.000000,549.633109 
460.000000,549.856716 
470.000000,550.080323 
480.000000,550.303929 
490.000000,550.527536 
500.000000,550.751143 
510.000000,550.974750 
520.000000,551.198357 
530.000000,551.421963 
540.000000,551.645570 
550.000000,551.869177 
560.000000,552.092784 
570.000000,552.316391 
580.000000,552.539997 
590.000000,552.763604 
600.000000,552.987211 
610.000000,553.210818 
620.000000,553.434425 
630.000000,553.658031 
640.000000,553.881638 
650.000000,554.105245 
660.000000,554.328852 
670.000000,554.552459 
680.000000,554.776065 
250.000000,554.999672 
260.000000,555.223279 
270.000000,555.446886 
280.000000,555.670493 
290.000000,555.894099 
300.000000,556.117706 
310.000000,556.341313 
320.000000,556.564920 
330.000000,556.788527 
340.000000,557.012133 
350.000000,557.235740 
360.000000,557.459347 
370.000000,557.682954 
380.000000,557.906561 
390.000000,558.130167 
400.000000,558.353774 
410.000000,558.577381 
420.000000,558.800988 
430.000000,559.024594 
440.000000,559.248201 
450.000000,559.471808 
460.000000,559.695415 
470.000000,559.919022 
480.000000,560.142628 
490.000000,560.366235 
500.000000,560.589842 
510.000000,560.813449 
520.000000,561.037056 
530.000000,561.260662 
540.000000,561.484269 
550.000000,561.707876 
560.000000,561.931483 
570.000000,562.155090 
580.000000,562.378696 
590.000000,562.602303 
600.000000,562.825910 
610.000000,563.049517 
620.000000,563.273124 
630.000000,563.496730 
640.000000,563.720337 
650.000000,563.943944 
660.000000,564.167551 
670.000000,564.391158 
680.000000,564.614764 
250.000000,564.838371 
260.000000,565.061978 
270.000000,565.285585 
280.000000,565.509192 
290.000000,565.732798 
300.000000,565.956405 
310.000000,566.180012 
320.000000,566.403619 
330.000000,566.627226 
340.000000,566.850832 
350.000000,567.074439 
360.000000,567.298046 
370.000000,567.521653 
380.000000,567.745260 
390.000000,567.968866 
400.000000,568.192473 
410.000000,568.416080 
420.000000,568.639687 
430.000000,568.863294 
440.000000,569.086900 
450.000000,569.310507 
460.000000,569.534114 
470.000000,569.757721 
480.000000,569.981328 
490.000000,570.204934 
500.000000,570.428541 
510.000000,570.652148 
520.000000,570.875755 
530.000000,571.099362 
540.000000,571.322968 
550.000000,571.546575 
560.000000,571.770182 
570.000000,571.993789 
580.000000,572.217396 
590.000000,572.441002 
600.000000,572.664609 
610.000000,572.888216 
620.000000,573.111823 
630.000000,573.335430 
640.000000,573.559036 
650.000000,573.782643 
660.000000,574.006250 
670.000000,574.229857 
680.000000,574.453464 
250.000000,574.677070 
260.000000,574.900677 
270.000000,575.124284 
280.000000,575.347891 
290.000000,575.571498 
300.000000,575.795104 
310.000000,576.018711 
320.000000,576.242318 
330.000000,576.465925 
340.000000,576.689532 
350.000000,576.913138 
360.000000,577.136745 
370.000000,577.360352 
380.000000,577.583959 
390.000000,577.807566 
400.000000,578.031172 
410.000000,578.254779 
420.000000,578.478386 
430.000000,578.701993 
440.000000,578.925599 
450.000000,579.149206 
460.000000,579.372813 
470.000000,579.596420 
480.000000,579.820027 
490.000000,580.043633 
500.000000,580.267240 
510.000000,580.490847 
520.000000,580.714454 
530.000000,580.938061 
540.000000,581.161667 
550.000000,581.385274 
560.000000,581.608881 
570.000000,581.832488 
580.000000,582.056095 
590.000000,582.279701 
600.000000,582.503308 
610.000000,582.726915 
620.000000,582.950522 
630.000000,583.174129 
640.000000,583.397735 
650.000000,583.621342 
660.000000,583.844949 
670.000000,584.068556 
680.000000,584.292163 
250.000000,584.515769 
260.000000,584.739376 
270.000000,584.962983 
280.000000,585.186590 
290.000000,585.410197 
300.000000,585.633803 
310.000000,585.857410 
320.000000,586.081017 
330.000000,586.304624 
340.000000,586.528231 
350.000000,586.751837 
360.000000,586.975444 
370.000000,587.199051 
380.000000,587.422658 
390.000000,587.646265 
400.000000,587.869871 
410.000000,588.093478 
420.000000,588.317085 
430.000000,588.540692 
440.000000,588.764299 
450.000000,588.987905 
460.000000,589.211512 
470.000000,589.435119 
480.000000,589.658726 
490.000000,589.882333 
500.000000,590.105939 
510.000000,590.329546 
520.000000,590.553153 
530.000000,590.776760 
540.000000,591.000367 
550.000000,591.223973 
560.000000,591.447580 
570.000000,591.671187 
580.000000,591.894794 
590.000000,592.118401 
600.000000,592.342007 
610.000000,592.565614 
620.000000,592.789221 
630.000000,593.012828 
640.000000,593.236435 
650.000000,593.460041 
660.000000,593.683648 
670.000000,593.907255 
680.000000,594.130862 
250.000000,594.354469 
260.000000,594.578075 
270.000000,594.801682 
280.000000,595.025289 
290.000000,595.248896 
300.000000,595.472503 
310.000000,595.696109 
320.000000,595.919716 
330.000000,596.143323 
340.000000,596.366930 
350.000000,596.590537 
360.000000,596.814143 
370.000000,597.037750 
380.000000,597.261357 
390.000000,597.484964 
400.000000,597.708571 
410.000000,597.932177 
420.000000,598.155784 
430.000000,598.379391 
440.000000,598.602998 
450.000000,598.826604 
460.000000,599.050211 
470.000000,599.273818 
480.000000,599.497425 
490.000000,599.721032 
500.000000,599.944638 
510.000000,600.168245 
520.000000,600.391852 
530.000000,600.615459 
540.000000,600.839066 
550.000000,601.062672 
560.000000,601.286279 
570.000000,601.509886 
580.000000,601.733493 
590.000000,601.957100 
600.000000,602.180706 
610.000000,602.404313 
620.000000,602.627920 
630.000000,602.851527 
640.000000,603.075134 
650.000000,603.298740 
660.000000,603.522347 
670.000000,603.745954 
680.000000,603.969561 
250.000000,604.193168 
260.000000,604.416774 
270.000000,604.640381 
280.000000,604.863988 
290.000000,605.087595 
300.000000,605.311202 
310.000000,605.534808 
320.000000,605.758415 
330.000000,605.982022 
340.000000,606.205629 
350.000000,606.429236 
360.000000,606.652842 
370.000000,606.876449 
380.000000,607.100056 
390.000000,607.323663 
400.000000,607.547270 
410.000000,607.770876 
420.000000,607.994483 
430.000000,608.218090 
440.000000,608.441697 
450.000000,608.665304 
460.000000,608.888910 
470.000000,609.112517 
480.000000,609.336124 
490.000000,609.559731 
500.000000,609.783338 
510.000000,610.006944 
520.000000,610.230551 
530.000000,610.454158 
540.000000,610.677765 
550.000000,610.901372 
560.000000,611.124978 
570.000000,611.348585 
580.000000,611.572192 
590.000000,611.795799 
600.000000,612.019406 
610.000000,612.243012 
620.000000,612.466619 
630.000000,612.690226 
640.000000,612.913833 
650.000000,613.137440 
660.000000,613.361046 
670.000000,613.584653 
680.000000,613.808260 
250.000000,614.031867 
260.000000,614.255474 
270.000000,614.479080 
280.000000,614.702687 
290.000000,614.926294 
300.000000,615.149901 
310.000000,615.373508 
320.000000,615.597114 
330.000000,615.820721 
340.000000,616.044328 
350.000000,616.267935 
360.000000,616.491542 
370.000000,616.715148 
380.000000,616.938755 
390.000000,617.162362 
400.000000,617.385969 
410.000000,617.609576 
420.000000,617.833182 
430.000000,618.056789 
440.000000,618.280396 
450.000000,618.504003 
460.000000,618.727609 
470.000000,618.951216 
480.000000,619.174823 
490.000000,619.398430 
500.000000,619.622037 
510.000000,619.845643 
520.000000,620.069250 
530.000000,620.292857 
540.000000,620.516464 
550.000000,620.740071 
560.000000,620.963677 
570.000000,621.187284 
580.000000,621.410891 
590.000000,621.634498 
600.000000,621.858105 
610.000000,622.081711 
620.000000,622.305318 
630.000000,622.528925 
640.000000,622.752532 
650.000000,622.976139 
660.000000,623.199745 
670.000000,623.423352 
680.000000,623.646959 
250.000000,623.870566 
260.000000,624.094173 
270.000000,624.317779 
280.000000,624.541386 
290.000000,624.764993 
300.000000,624.988600 
310.000000,625.212207 
320.000000,625.435813 
330.000000,625.659420 
340.000000,625.883027 
350.000000,626.106634 
360.000000,626.330241 
370.000000,626.553847 
380.000000,626.777454 
390.000000,627.001061 
400.000000,627.224668 
410.000000,627.448275 
420.000000,627.671881 
430.000000,627.895488 
440.000000,628.119095 
450.000000,628.342702 
460.000000,628.566309 
470.000000,628.789915 
480.000000,629.013522 
490.000000,629.237129 
500.000000,629.460736 
510.000000,629.684343 
520.000000,629.907949 
530.000000,630.131556 
540.000000,630.355163 
550.000000,630.578770 
560.000000,630.802377 
570.000000,631.025983 
580.000000,631.249590 
590.000000,631.473197 
600.000000,631.696804 
610.000000,631.920411 
620.000000,632.144017 
630.000000,632.367624 
640.000000,632.591231 
650.000000,632.814838 
660.000000,633.038445 
670.000000,633.262051 
680.000000,633.485658 
250.000000,633.709265 
260.000000,633.932872 
270.000000,634.156479 
280.000000,634.380085 
290.000000,634.603692 
300.000000,634.827299 
310.000000,635.050906 
320.000000,635.274513 
330.000000,635.498119 
340.000000,635.721726 
350.000000,635.945333 
360.000000,636.168940 
370.000000,636.392547 
380.000000,636.616153 
390.000000,636.839760 
400.000000,637.063367 
410.000000,637.286974 
420.000000,637.510581 
430.000000,637.734187 
440.000000,637.957794 
450.000000,638.181401 
460.000000,638.405008 
470.000000,638.628614 
480.000000,638.852221 
490.000000,639.075828 
500.000000,639.299435 
510.000000,639.523042 
520.000000,639.746648 
530.000000,639.970255 
540.000000,640.193862 
550.000000,640.417469 
560.000000,640.641076 
570.000000,640.864682 
580.000000,641.088289 
590.000000,641.311896 
600.000000,641.535503 
610.000000,641.759110 
620.000000,641.982716 
630.000000,642.206323 
640.000000,642.429930 
650.000000,642.653537 
660.000000,642.877144 
670.000000,643.100750 
680.000000,643.324357 
250.000000,643.547964 
260.000000,643.771571 
270.000000,643.995178 
280.000000,644.218784 
290.000000,644.442391 
300.000000,644.665998 
310.000000,644.889605 
320.000000,645.113212 
330.000000,645.336818 
340.000000,645.560425 
350.000000,645.784032 
360.000000,646.007639 
370.000000,646.231246 
380.000000,646.454852 
390.000000,646.678459 
400.000000,646.902066 
410.000000,647.125673 
420.000000,647.349280 
430.000000,647.572886 
440.000000,647.796493 
450.000000,648.020100 
460.000000,648.243707 
470.000000,648.467314 
480.000000,648.690920 
490.000000,648.914527 
500.000000,649.138134 
510.000000,649.361741 
520.000000,649.585348 
530.000000,649.808954 
540.000000,650.032561 
550.000000,650.256168 
560.000000,650.479775 
570.000000,650.703382 
580.000000,650.926988 
590.000000,651.150595 
600.000000,651.374202 
610.000000,651.597809 
620.000000,651.821416 
630.000000,652.045022 
640.000000,652.268629 
650.000000,652.492236 
660.000000,652.715843 
670.000000,652.939450 
680.000000,653.163056 
250.000000,653.386663 
260.000000,653.610270 
270.000000,653.833877 
280.000000,654.057484 
290.000000,654.281090 
300.000000,654.504697 
310.000000,654.728304 
320.000000,654.951911 
330.000000,655.175518 
340.000000,655.399124 
350.000000,655.622731 
360.000000,655.846338 
370.000000,656.069945 
380.000000,656.293552 
390.000000,656.517158 
400.000000,656.740765 
410.000000,656.964372 
420.000000,657.187979 
430.000000,657.411586 
440.000000,657.635192 
450.000000,657.858799 
460.000000,658.082406 
470.000000,658.306013 
480.000000,658.529619 
490.000000,658.753226 
500.000000,658.976833 
510.000000,659.200440 
520.000000,659.424047 
530.000000,659.647653 
540.000000,659.871260 
550.000000,660.094867 
560.000000,660.318474 
570.000000,660.542081 
580.000000,660.765687 
590.000000,660.989294 
600.000000,661.212901 
610.000000,661.436508 
620.000000,661.660115 
630.000000,661.883721 
640.000000,662.107328 
650.000000,662.330935 
660.000000,662.554542 
670.000000,662.778149 
680.000000,663.001755 
250.000000,663.225362 
260.000000,663.448969 
270.000000,663.672576 
280.000000,663.896183 
290.000000,664.119789 
300.000000,664.343396 
310.000000,664.567003 
320.000000,664.790610 
330.000000,665.014217 
340.000000,665.237823 
350.000000,665.461430 
360.000000,665.685037 
370.000000,665.908644 
380.000000,666.132251 
390.000000,666.355857 
400.000000,666.579464 
410.000000,666.803071 
420.000000,667.026678 
430.000000,667.250285 
440.000000,667.473891 
450.000000,667.697498 
460.000000,667.921105 
470.000000,668.144712 
480.000000,668.368319 
490.000000,668.591925 
500.000000,668.815532 
510.000000,669.039139 
520.000000,669.262746 
530.000000,669.486353 
540.000000,669.709959 
550.000000,669.933566 
560.000000,670.157173 
570.000000,670.380780 
580.000000,670.604387 
590.000000,670.827993 
600.000000,671.051600 
610.000000,671.275207 
620.000000,671.498814 
630.000000,671.722421 
640.000000,671.946027 
650.000000,672.169634 
660.000000,672.393241 
670.000000,672.616848 
680.000000,672.840455 
250.000000,673.064061 
260.000000,673.287668 
270.000000,673.511275 
280.000000,673.734882 
290.000000,673.958489 
300.000000,674.182095 
310.000000,674.405702 
320.000000,674.629309 
330.000000,674.852916 
340.000000,675.076523 
350.000000,675.300129 
360.000000,675.523736 
370.000000,675.747343 
380.000000,675.970950 
390.000000,676.194557 
400.000000,676.418163 
410.000000,676.641770 
420.000000,676.865377 
430.000000,677.088984 
440.000000,677.312591 
450.000000,677.536197 
460.000000,677.759804 
470.000000,677.983411 
480.000000,678.207018 
490.000000,678.430624 
500.000000,678.654231 
510.000000,678.877838 
520.000000,679.101445 
530.000000,679.325052 
540.000000,679.548658 
550.000000,679.772265 
560.000000,679.995872 
570.000000,680.219479 
580.000000,680.443086 
590.000000,680.666692 
600.000000,680.890299 
610.000000,681.113906 
620.000000,681.337513 
630.000000,681.561120 
640.000000,681.784726 
650.000000,682.008333 
660.000000,682.231940 
670.000000,682.455547 
680.000000,682.679154 
250.000000,682.902760 
260.000000,683.126367 
270.000000,683.349974 
280.000000,683.573581 
290.000000,683.797188 
300.000000,684.020794 
310.000000,684.244401 
320.000000,684.468008 
330.000000,684.691615 
340.000000,684.915222 
350.000000,685.138828 
360.000000,685.362435 
370.000000,685.586042 
380.000000,685.809649 
390.000000,686.033256 
400.000000,686.256862 
410.000000,686.480469 
420.000000,686.704076 
430.000000,686.927683 
440.000000,687.151290 
450.000000,687.374896 
460.000000,687.598503 
470.000000,687.822110 
480.000000,688.045717 
490.000000,688.269324 
500.000000,688.492930 
510.000000,688.716537 
520.000000,688.940144 
530.000000,689.163751 
540.000000,689.387358 
550.000000,689.610964 
560.000000,689.834571 
570.000000,690.058178 
580.000000,690.281785 
590.000000,690.505392 
600.000000,690.728998 
610.000000,690.952605 
620.000000,691.176212 
630.000000,691.399819 
640.000000,691.623426 
650.000000,691.847032 
660.000000,692.070639 
670.000000,692.294246 
680.000000,692.517853 
250.000000,692.741460 
260.000000,692.965066 
270.000000,693.188673 
280.000000,693.412280 
290.000000,693.635887 
300.000000,693.859494 
310.000000,694.083100 
320.000000,694.306707 
330.000000,694.530314 
340.000000,694.753921 
350.000000,694.977528 
360.000000,695.201134 
370.000000,695.424741 
380.000000,695.648348 
390.000000,695.871955 
400.000000,696.095562 
410.000000,696.319168 
420.000000,696.542775 
430.000000,696.766382 
440.000000,696.989989 
