650.000000,250.000000
660.000000,250.316228
670.000000,250.632456
680.000000,250.948683
690.000000,251.264911
700.000000,251.581139
710.000000,251.897367
720.000000,252.213594
730.000000,252.529822
740.000000,252.846050
750.000000,253.162278
760.000000,253.478505
770.000000,253.794733
780.000000,254.110961
790.000000,254.427189
800.000000,254.743416
810.000000,255.059644
820.000000,255.375872
830.000000,255.692100
840.000000,256.008328
850.000000,256.324555
860.000000,256.640783
870.000000,256.957011
880.000000,257.273239
890.000000,257.589466
900.000000,257.905694
910.000000,258.221922
920.000000,258.538150
930.000000,258.854377
940.000000,259.170605
950.000000,259.486833
650.000000,259.803061
660.000000,260.119289
670.000000,260.435516
680.000000,260.751744
690.000000,261.067972
700.000000,261.384200
710.000000,261.700427
720.000000,262.016655
730.000000,262.332883
740.000000,262.649111
750.000000,262.965338
760.000000,263.281566
770.000000,263.597794
780.000000,263.914022
790.000000,264.230249
800.000000,264.546477
810.000000,264.862705
820.000000,265.178933
830.000000,265.495161
840.000000,265.811388
850.000000,266.127616
860.000000,266.443844
870.000000,266.760072
880.000000,267.076299
890.000000,267.392527
900.000000,267.708755
910.000000,268.024983
920.000000,268.341210
930.000000,268.657438
940.000000,268.973666
950.000000,269.289894
650.000000,269.606121
660.000000,269.922349
670.000000,270.238577
680.000000,270.554805
690.000000,270.871033
700.000000,271.187260
710.000000,271.503488
720.000000,271.819716
730.000000,272.135944
740.000000,272.452171
750.000000,272.768399
760.000000,273.084627
770.000000,273.400855
780.000000,273.717082
790.000000,274.033310
800.000000,274.349538
810.000000,274.665766
820.000000,274.981994
830.000000,275.298221
840.000000,275.614449
850.000000,275.930677
860.000000,276.246905
870.000000,276.563132
880.000000,276.879360
890.000000,277.195588
900.000000,277.511816
910.000000,277.828043
920.000000,278.144271
930.000000,278.460499
940.000000,278.776727
950.000000,279.092954
650.000000,279.409182
660.000000,279.725410
670.000000,280.041638
680.000000,280.357866
690.000000,280.674093
700.000000,280.990321
710.000000,281.306549
720.000000,281.622777
730.000000,281.939004
740.000000,282.255232
750.000000,282.571460
760.000000,282.887688
770.000000,283.203915
780.000000,283.520143
790.000000,283.836371
800.000000,284.152599
810.000000,284.468826
820.000000,284.785054
830.000000,285.101282
840.000000,285.417510
850.000000,285.733738
860.000000,286.049965
870.000000,286.366193
880.000000,286.682421
890.000000,286.998649
900.000000,287.314876
910.000000,287.631104
920.000000,287.947332
930.000000,288.263560
940.000000,288.579787
950.000000,288.896015
650.000000,289.212243
660.000000,289.528471
670.000000,289.844699
680.000000,290.160926
690.000000,290.477154
700.000000,290.793382
710.000000,291.109610
720.000000,291.425837
730.000000,291.742065
740.000000,292.058293
750.000000,292.374521
760.000000,292.690748
770.000000,293.006976
780.000000,293.323204
790.000000,293.639432
800.000000,293.955659
810.000000,294.271887
820.000000,294.588115
830.000000,294.904343
840.000000,295.220571
850.000000,295.536798
860.000000,295.853026
870.000000,296.169254
880.000000,296.485482
890.000000,296.801709
900.000000,297.117937
910.000000,297.434165
920.000000,297.750393
930.000000,298.066620
940.000000,298.382848
950.000000,298.699076
650.000000,299.015304
660.000000,299.331531
670.000000,299.647759
680.000000,299.963987
690.000000,300.280215
700.000000,300.596443
710.000000,300.912670
720.000000,301.228898
730.000000,301.545126
740.000000,301.861354
750.000000,302.177581
760.000000,302.493809
770.000000,302.810037
780.000000,303.126265
790.000000,303.442492
800.000000,303.758720
810.000000,304.074948
820.000000,304.391176
830.000000,304.707404
840.000000,305.023631
850.000000,305.339859
860.000000,305.656087
870.000000,305.972315
880.000000,306.288542
890.000000,306.604770
900.000000,306.920998
910.000000,307.237226
920.000000,307.553453
930.000000,307.869681
940.000000,308.185909
950.000000,308.502137
650.000000,308.818364
660.000000,309.134592
670.000000,309.450820
680.000000,309.767048
690.000000,310.083276
700.000000,310.399503
710.000000,310.715731
720.000000,311.031959
730.000000,311.348187
740.000000,311.664414
750.000000,311.980642
760.000000,312.296870
770.000000,312.613098
780.000000,312.929325
790.000000,313.245553
800.000000,313.561781
810.000000,313.878009
820.000000,314.194237
830.000000,314.510464
840.000000,314.826692
850.000000,315.142920
860.000000,315.459148
870.000000,315.775375
880.000000,316.091603
890.000000,316.407831
900.000000,316.724059
910.000000,317.040286
920.000000,317.356514
930.000000,317.672742
940.000000,317.988970
950.000000,318.305197
650.000000,318.621425
660.000000,318.937653
670.000000,319.253881
680.000000,319.570109
690.000000,319.886336
700.000000,320.202564
710.000000,320.518792
720.000000,320.835020
730.000000,321.151247
740.000000,321.467475
750.000000,321.783703
760.000000,322.099931
770.000000,322.416158
780.000000,322.732386
790.000000,323.048614
800.000000,323.364842
810.000000,323.681069
820.000000,323.997297
830.000000,324.313525
840.000000,324.629753
850.000000,324.945981
860.000000,325.262208
870.000000,325.578436
880.000000,325.894664
890.000000,326.210892
900.000000,326.527119
910.000000,326.843347
920.000000,327.159575
930.000000,327.475803
940.000000,327.792030
950.000000,328.108258
650.000000,328.424486
660.000000,328.740714
670.000000,329.056942
680.000000,329.373169
690.000000,329.689397
700.000000,330.005625
710.000000,330.321853
720.000000,330.638080
730.000000,330.954308
740.000000,331.270536
750.000000,331.586764
760.000000,331.902991
770.000000,332.219219
780.000000,332.535447
790.000000,332.851675
800.000000,333.167902
810.000000,333.484130
820.000000,333.800358
830.000000,334.116586
840.000000,334.432814
850.000000,334.749041
860.000000,335.065269
870.000000,335.381497
880.000000,335.697725
890.000000,336.013952
900.000000,336.330180
910.000000,336.646408
920.000000,336.962636
930.000000,337.278863
940.000000,337.595091
950.000000,337.911319
650.000000,338.227547
660.000000,338.543774
670.000000,338.860002
680.000000,339.176230
690.000000,339.492458
700.000000,339.808686
710.000000,340.124913
720.000000,340.441141
730.000000,340.757369
740.000000,341.073597
750.000000,341.389824
760.000000,341.706052
770.000000,342.022280
780.000000,342.338508
790.000000,342.654735
800.000000,342.970963
810.000000,343.287191
820.000000,343.603419
830.000000,343.919647
840.000000,344.235874
850.000000,344.552102
860.000000,344.868330
870.000000,345.184558
880.000000,345.500785
890.000000,345.817013
900.000000,346.133241
910.000000,346.449469
920.000000,346.765696
930.000000,347.081924
940.000000,347.398152
950.000000,347.714380
650.000000,348.030607
660.000000,348.346835
670.000000,348.663063
680.000000,348.979291
690.000000,349.295519
700.000000,349.611746
710.000000,349.927974
720.000000,350.244202
730.000000,350.560430
740.000000,350.876657
750.000000,351.192885
760.000000,351.509113
770.000000,351.825341
780.000000,352.141568
790.000000,352.457796
800.000000,352.774024
810.000000,353.090252
820.000000,353.406479
830.000000,353.722707
840.000000,354.038935
850.000000,354.355163
860.000000,354.671391
870.000000,354.987618
880.000000,355.303846
890.000000,355.620074
900.000000,355.936302
910.000000,356.252529
920.000000,356.568757
930.000000,356.884985
940.000000,357.201213
950.000000,357.517440
650.000000,357.833668
660.000000,358.149896
670.000000,358.466124
680.000000,358.782352
690.000000,359.098579
700.000000,359.414807
710.000000,359.731035
720.000000,360.047263
730.000000,360.363490
740.000000,360.679718
750.000000,360.995946
760.000000,361.312174
770.000000,361.628401
780.000000,361.944629
790.000000,362.260857
800.000000,362.577085
810.000000,362.893312
820.000000,363.209540
830.000000,363.525768
840.000000,363.841996
850.000000,364.158224
860.000000,364.474451
870.000000,364.790679
880.000000,365.106907
890.000000,365.423135
900.000000,365.739362
910.000000,366.055590
920.000000,366.371818
930.000000,366.688046
940.000000,367.004273
950.000000,367.320501
650.000000,367.636729
660.000000,367.952957
670.000000,368.269184
680.000000,368.585412
690.000000,368.901640
700.000000,369.217868
710.000000,369.534096
720.000000,369.850323
730.000000,370.166551
740.000000,370.482779
750.000000,370.799007
760.000000,371.115234
770.000000,371.431462
780.000000,371.747690
790.000000,372.063918
800.000000,372.380145
810.000000,372.696373
820.000000,373.012601
830.000000,373.328829
840.000000,373.645057
850.000000,373.961284
860.000000,374.277512
870.000000,374.593740
880.000000,374.909968
890.000000,375.226195
900.000000,375.542423
910.000000,375.858651
920.000000,376.174879
930.000000,376.491106
940.000000,376.807334
950.000000,377.123562
650.000000,377.439790
660.000000,377.756017
670.000000,378.072245
680.000000,378.388473
690.000000,378.704701
700.000000,379.020929
710.000000,379.337156
720.000000,379.653384
730.000000,379.969612
740.000000,380.285840
750.000000,380.602067
760.000000,380.918295
770.000000,381.234523
780.000000,381.550751
790.000000,381.866978
800.000000,382.183206
810.000000,382.499434
820.000000,382.815662
830.000000,383.131889
840.000000,383.448117
850.000000,383.764345
860.000000,384.080573
870.000000,384.396801
880.000000,384.713028
890.000000,385.029256
900.000000,385.345484
910.000000,385.661712
920.000000,385.977939
930.000000,386.294167
940.000000,386.610395
950.000000,386.926623
650.000000,387.242850
660.000000,387.559078
670.000000,387.875306
680.000000,388.191534
690.000000,388.507762
700.000000,388.823989
710.000000,389.140217
720.000000,389.456445
730.000000,389.772673
740.000000,390.088900
750.000000,390.405128
760.000000,390.721356
770.000000,391.037584
780.000000,391.353811
790.000000,391.670039
800.000000,391.986267
810.000000,392.302495
820.000000,392.618722
830.000000,392.934950
840.000000,393.251178
850.000000,393.567406
860.000000,393.883634
870.000000,394.199861
880.000000,394.516089
890.000000,394.832317
900.000000,395.148545
910.000000,395.464772
920.000000,395.781000
930.000000,396.097228
940.000000,396.413456
950.000000,396.729683
650.000000,397.045911
660.000000,397.362139
670.000000,397.678367
680.000000,397.994594
690.000000,398.310822
700.000000,398.627050
710.000000,398.943278
720.000000,399.259506
730.000000,399.575733
740.000000,399.891961
750.000000,400.208189
760.000000,400.524417
770.000000,400.840644
780.000000,401.156872
790.000000,401.473100
800.000000,401.789328
810.000000,402.105555
820.000000,402.421783
830.000000,402.738011
840.000000,403.054239
850.000000,403.370467
860.000000,403.686694
870.000000,404.002922
880.000000,404.319150
890.000000,404.635378
900.000000,404.951605
910.000000,405.267833
920.000000,405.584061
930.000000,405.900289
940.000000,406.216516
950.000000,406.532744
650.000000,406.848972
660.000000,407.165200
670.000000,407.481427
680.000000,407.797655
690.000000,408.113883
700.000000,408.430111
710.000000,408.746339
720.000000,409.062566
730.000000,409.378794
740.000000,409.695022
750.000000,410.011250
760.000000,410.327477
770.000000,410.643705
780.000000,410.959933
790.000000,411.276161
800.000000,411.592388
810.000000,411.908616
820.000000,412.224844
830.000000,412.541072
840.000000,412.857299
850.000000,413.173527
860.000000,413.489755
870.000000,413.805983
880.000000,414.122211
890.000000,414.438438
900.000000,414.754666
910.000000,415.070894
920.000000,415.387122
930.000000,415.703349
940.000000,416.019577
950.000000,416.335805
650.000000,416.652033
660.000000,416.968260
670.000000,417.284488
680.000000,417.600716
690.000000,417.916944
700.000000,418.233172
710.000000,418.549399
720.000000,418.865627
730.000000,419.181855
740.000000,419.498083
750.000000,419.814310
760.000000,420.130538
770.000000,420.446766
780.000000,420.762994
790.000000,421.079221
800.000000,421.395449
810.000000,421.711677
820.000000,422.027905
830.000000,422.344132
840.000000,422.660360
850.000000,422.976588
860.000000,423.292816
870.000000,423.609044
880.000000,423.925271
890.000000,424.241499
900.000000,424.557727
910.000000,424.873955
920.000000,425.190182
930.000000,425.506410
940.000000,425.822638
950.000000,426.138866
650.000000,426.455093
660.000000,426.771321
670.000000,427.087549
680.000000,427.403777
690.000000,427.720005
700.000000,428.036232
710.000000,428.352460
720.000000,428.668688
730.000000,428.984916
740.000000,429.301143
750.000000,429.617371
760.000000,429.933599
770.000000,430.249827
780.000000,430.566054
790.000000,430.882282
800.000000,431.198510
810.000000,431.514738
820.000000,431.830965
830.000000,432.147193
840.000000,432.463421
850.000000,432.779649
860.000000,433.095877
870.000000,433.412104
880.000000,433.728332
890.000000,434.044560
900.000000,434.360788
910.000000,434.677015
920.000000,434.993243
930.000000,435.309471
940.000000,435.625699
950.000000,435.941926
650.000000,436.258154
660.000000,436.574382
670.000000,436.890610
680.000000,437.206837
690.000000,437.523065
700.000000,437.839293
710.000000,438.155521
720.000000,438.471749
730.000000,438.787976
740.000000,439.104204
750.000000,439.420432
760.000000,439.736660
770.000000,440.052887
780.000000,440.369115
790.000000,440.685343
800.000000,441.001571
810.000000,441.317798
820.000000,441.634026
830.000000,441.950254
840.000000,442.266482
850.000000,442.582710
860.000000,442.898937
870.000000,443.215165
880.000000,443.531393
890.000000,443.847621
900.000000,444.163848
910.000000,444.480076
920.000000,444.796304
930.000000,445.112532
940.000000,445.428759
950.000000,445.744987
650.000000,446.061215
660.000000,446.377443
670.000000,446.693670
680.000000,447.009898
690.000000,447.326126
700.000000,447.642354
710.000000,447.958582
720.000000,448.274809
730.000000,448.591037
740.000000,448.907265
750.000000,449.223493
760.000000,449.539720
770.000000,449.855948
780.000000,450.172176
790.000000,450.488404
800.000000,450.804631
810.000000,451.120859
820.000000,451.437087
830.000000,451.753315
840.000000,452.069542
850.000000,452.385770
860.000000,452.701998
870.000000,453.018226
880.000000,453.334454
890.000000,453.650681
900.000000,453.966909
910.000000,454.283137
920.000000,454.599365
930.000000,454.915592
940.000000,455.231820
950.000000,455.548048
650.000000,455.864276
660.000000,456.180503
670.000000,456.496731
680.000000,456.812959
690.000000,457.129187
700.000000,457.445415
710.000000,457.761642
720.000000,458.077870
730.000000,458.394098
740.000000,458.710326
750.000000,459.026553
760.000000,459.342781
770.000000,459.659009
780.000000,459.975237
790.000000,460.291464
800.000000,460.607692
810.000000,460.923920
820.000000,461.240148
830.000000,461.556375
840.000000,461.872603
850.000000,462.188831
860.000000,462.505059
870.000000,462.821287
880.000000,463.137514
890.000000,463.453742
900.000000,463.769970
910.000000,464.086198
920.000000,464.402425
930.000000,464.718653
940.000000,465.034881
950.000000,465.351109
650.000000,465.667336
660.000000,465.983564
670.000000,466.299792
680.000000,466.616020
690.000000,466.932247
700.000000,467.248475
710.000000,467.564703
720.000000,467.880931
730.000000,468.197159
740.000000,468.513386
750.000000,468.829614
760.000000,469.145842
770.000000,469.462070
780.000000,469.778297
790.000000,470.094525
800.000000,470.410753
810.000000,470.726981
820.000000,471.043208
830.000000,471.359436
840.000000,471.675664
850.000000,471.991892
860.000000,472.308120
870.000000,472.624347
880.000000,472.940575
890.000000,473.256803
900.000000,473.573031
910.000000,473.889258
920.000000,474.205486
930.000000,474.521714
940.000000,474.837942
950.000000,475.154169
650.000000,475.470397
660.000000,475.786625
670.000000,476.102853
680.000000,476.419080
690.000000,476.735308
700.000000,477.051536
710.000000,477.367764
720.000000,477.683992
730.000000,478.000219
740.000000,478.316447
750.000000,478.632675
760.000000,478.948903
770.000000,479.265130
780.000000,479.581358
790.000000,479.897586
800.000000,480.213814
810.000000,480.530041
820.000000,480.846269
830.000000,481.162497
840.000000,481.478725
850.000000,481.794952
860.000000,482.111180
870.000000,482.427408
880.000000,482.743636
890.000000,483.059864
900.000000,483.376091
910.000000,483.692319
920.000000,484.008547
930.000000,484.324775
940.000000,484.641002
950.000000,484.957230
650.000000,485.273458
660.000000,485.589686
670.000000,485.905913
680.000000,486.222141
690.000000,486.538369
700.000000,486.854597
710.000000,487.170825
720.000000,487.487052
730.000000,487.803280
740.000000,488.119508
750.000000,488.435736
760.000000,488.751963
770.000000,489.068191
780.000000,489.384419
790.000000,489.700647
800.000000,490.016874
810.000000,490.333102
820.000000,490.649330
830.000000,490.965558
840.000000,491.281785
850.000000,491.598013
860.000000,491.914241
870.000000,492.230469
880.000000,492.546697
890.000000,492.862924
900.000000,493.179152
910.000000,493.495380
920.000000,493.811608
930.000000,494.127835
940.000000,494.444063
950.000000,494.760291
650.000000,495.076519
660.000000,495.392746
670.000000,495.708974
680.000000,496.025202
690.000000,496.341430
700.000000,496.657657
710.000000,496.973885
720.000000,497.290113
730.000000,497.606341
740.000000,497.922569
750.000000,498.238796
760.000000,498.555024
770.000000,498.871252
780.000000,499.187480
790.000000,499.503707
800.000000,499.819935
810.000000,500.136163
820.000000,500.452391
830.000000,500.768618
840.000000,501.084846
850.000000,501.401074
860.000000,501.717302
870.000000,502.033530
880.000000,502.349757
890.000000,502.665985
900.000000,502.982213
910.000000,503.298441
920.000000,503.614668
930.000000,503.930896
940.000000,504.247124
950.000000,504.563352
650.000000,504.879579
660.000000,505.195807
670.000000,505.512035
680.000000,505.828263
690.000000,506.144490
700.000000,506.460718
710.000000,506.776946
720.000000,507.093174
730.000000,507.409402
740.000000,507.725629
750.000000,508.041857
760.000000,508.358085
770.000000,508.674313
780.000000,508.990540
790.000000,509.306768
800.000000,509.622996
810.000000,509.939224
820.000000,510.255451
830.000000,510.571679
840.000000,510.887907
850.000000,511.204135
860.000000,511.520362
870.000000,511.836590
880.000000,512.152818
890.000000,512.469046
900.000000,512.785274
910.000000,513.101501
920.000000,513.417729
930.000000,513.733957
940.000000,514.050185
950.000000,514.366412
650.000000,514.682640
660.000000,514.998868
670.000000,515.315096
680.000000,515.631323
690.000000,515.947551
700.000000,516.263779
710.000000,516.580007
720.000000,516.896235
730.000000,517.212462
740.000000,517.528690
750.000000,517.844918
760.000000,518.161146
770.000000,518.477373
780.000000,518.793601
790.000000,519.109829
800.000000,519.426057
810.000000,519.742284
820.000000,520.058512
830.000000,520.374740
840.000000,520.690968
850.000000,521.007195
860.000000,521.323423
870.000000,521.639651
880.000000,521.955879
890.000000,522.272107
900.000000,522.588334
910.000000,522.904562
920.000000,523.220790
930.000000,523.537018
940.000000,523.853245
950.000000,524.169473
650.000000,524.485701
660.000000,524.801929
670.000000,525.118156
680.000000,525.434384
690.000000,525.750612
700.000000,526.066840
710.000000,526.383067
720.000000,526.699295
730.000000,527.015523
740.000000,527.331751
750.000000,527.647979
760.000000,527.964206
770.000000,528.280434
780.000000,528.596662
790.000000,528.912890
800.000000,529.229117
810.000000,529.545345
820.000000,529.861573
830.000000,530.177801
840.000000,530.494028
850.000000,530.810256
860.000000,531.126484
870.000000,531.442712
880.000000,531.758940
890.000000,532.075167
900.000000,532.391395
910.000000,532.707623
920.000000,533.023851
930.000000,533.340078
940.000000,533.656306
950.000000,533.972534
650.000000,534.288762
660.000000,534.604989
670.000000,534.921217
680.000000,535.237445
690.000000,535.553673
700.000000,535.869900
710.000000,536.186128
720.000000,536.502356
730.000000,536.818584
740.000000,537.134812
750.000000,537.451039
760.000000,537.767267
770.000000,538.083495
780.000000,538.399723
790.000000,538.715950
800.000000,539.032178
810.000000,539.348406
820.000000,539.664634
830.000000,539.980861
840.000000,540.297089
850.000000,540.613317
860.000000,540.929545
870.000000,541.245773
880.000000,541.562000
890.000000,541.878228
900.000000,542.194456
910.000000,542.510684
920.000000,542.826911
930.000000,543.143139
940.000000,543.459367
950.000000,543.775595
650.000000,544.091822
660.000000,544.408050
670.000000,544.724278
680.000000,545.040506
690.000000,545.356733
700.000000,545.672961
710.000000,545.989189
720.000000,546.305417
730.000000,546.621645
740.000000,546.937872
750.000000,547.254100
760.000000,547.570328
770.000000,547.886556
780.000000,548.202783
790.000000,548.519011
800.000000,548.835239
810.000000,549.151467
820.000000,549.467694
830.000000,549.783922
840.000000,550.100150
850.000000,550.416378
860.000000,550.732605
870.000000,551.048833
880.000000,551.365061
890.000000,551.681289
900.000000,551.997517
910.000000,552.313744
920.000000,552.629972
930.000000,552.946200
940.000000,553.262428
950.000000,553.578655
650.000000,553.894883
660.000000,554.211111
670.000000,554.527339
680.000000,554.843566
690.000000,555.159794
700.000000,555.476022
710.000000,555.792250
720.000000,556.108478
730.000000,556.424705
740.000000,556.740933
750.000000,557.057161
760.000000,557.373389
770.000000,557.689616
780.000000,558.005844
790.000000,558.322072
800.000000,558.638300
810.000000,558.954527
820.000000,559.270755
830.000000,559.586983
840.000000,559.903211
850.000000,560.219438
860.000000,560.535666
870.000000,560.851894
880.000000,561.168122
890.000000,561.484350
900.000000,561.800577
910.000000,562.116805
920.000000,562.433033
930.000000,562.749261
940.000000,563.065488
950.000000,563.381716
650.000000,563.697944
660.000000,564.014172
670.000000,564.330399
680.000000,564.646627
690.000000,564.962855
700.000000,565.279083
710.000000,565.595310
720.000000,565.911538
250.000000,250.000000
260.000000,250.316228
270.000000,250.632456
280.000000,250.948683
290.000000,251.264911
300.000000,251.581139
310.000000,251.897367
320.000000,252.213594
330.000000,252.529822
340.000000,252.846050
350.000000,253.162278
360.000000,253.478505
370.000000,253.794733
380.000000,254.110961
390.000000,254.427189
400.000000,254.743416
410.000000,255.059644
420.000000,255.375872
430.000000,255.692100
440.000000,256.008328
450.000000,256.324555
460.000000,256.640783
470.000000,256.957011
480.000000,257.273239
490.000000,257.589466
500.000000,257.905694
510.000000,258.221922
520.000000,258.538150
530.000000,258.854377
540.000000,259.170605
550.000000,259.486833
250.000000,259.803061
260.000000,260.119289
270.000000,260.435516
280.000000,260.751744
290.000000,261.067972
300.000000,261.384200
310.000000,261.700427
320.000000,262.016655
330.000000,262.332883
340.000000,262.649111
350.000000,262.965338
360.000000,263.281566
370.000000,263.597794
380.000000,263.914022
390.000000,264.230249
400.000000,264.546477
410.000000,264.862705
420.000000,265.178933
430.000000,265.495161
440.000000,265.811388
450.000000,266.127616
460.000000,266.443844
470.000000,266.760072
480.000000,267.076299
490.000000,267.392527
500.000000,267.708755
510.000000,268.024983
520.000000,268.341210
530.000000,268.657438
540.000000,268.973666
550.000000,269.289894
250.000000,269.606121
260.000000,269.922349
270.000000,270.238577
280.000000,270.554805
290.000000,270.871033
300.000000,271.187260
310.000000,271.503488
320.000000,271.819716
330.000000,272.135944
340.000000,272.452171
350.000000,272.768399
360.000000,273.084627
370.000000,273.400855
380.000000,273.717082
390.000000,274.033310
400.000000,274.349538
410.000000,274.665766
420.000000,274.981994
430.000000,275.298221
440.000000,275.614449
450.000000,275.930677
460.000000,276.246905
470.000000,276.563132
480.000000,276.879360
490.000000,277.195588
500.000000,277.511816
510.000000,277.828043
520.000000,278.144271
530.000000,278.460499
540.000000,278.776727
550.000000,279.092954
250.000000,279.409182
260.000000,279.725410
270.000000,280.041638
280.000000,280.357866
290.000000,280.674093
300.000000,280.990321
310.000000,281.306549
320.000000,281.622777
330.000000,281.939004
340.000000,282.255232
350.000000,282.571460
360.000000,282.887688
370.000000,283.203915
380.000000,283.520143
390.000000,283.836371
400.000000,284.152599
410.000000,284.468826
420.000000,284.785054
430.000000,285.101282
440.000000,285.417510
450.000000,285.733738
460.000000,286.049965
470.000000,286.366193
480.000000,286.682421
490.000000,286.998649
500.000000,287.314876
510.000000,287.631104
520.000000,287.947332
530.000000,288.263560
540.000000,288.579787
550.000000,288.896015
250.000000,289.212243
260.000000,289.528471
270.000000,289.844699
280.000000,290.160926
290.000000,290.477154
300.000000,290.793382
310.000000,291.109610
320.000000,291.425837
330.000000,291.742065
340.000000,292.058293
350.000000,292.374521
360.000000,292.690748
370.000000,293.006976
380.000000,293.323204
390.000000,293.639432
400.000000,293.955659
410.000000,294.271887
420.000000,294.588115
430.000000,294.904343
440.000000,295.220571
450.000000,295.536798
460.000000,295.853026
470.000000,296.169254
480.000000,296.485482
490.000000,296.801709
500.000000,297.117937
510.000000,297.434165
520.000000,297.750393
530.000000,298.066620
540.000000,298.382848
550.000000,298.699076
250.000000,299.015304
260.000000,299.331531
270.000000,299.647759
280.000000,299.963987
290.000000,300.280215
300.000000,300.596443
310.000000,300.912670
320.000000,301.228898
330.000000,301.545126
340.000000,301.861354
350.000000,302.177581
360.000000,302.493809
370.000000,302.810037
380.000000,303.126265
390.000000,303.442492
400.000000,303.758720
410.000000,304.074948
420.000000,304.391176
430.000000,304.707404
440.000000,305.023631
450.000000,305.339859
460.000000,305.656087
470.000000,305.972315
480.000000,306.288542
490.000000,306.604770
500.000000,306.920998
510.000000,307.237226
520.000000,307.553453
530.000000,307.869681
540.000000,308.185909
550.000000,308.502137
250.000000,308.818364
260.000000,309.134592
270.000000,309.450820
280.000000,309.767048
290.000000,310.083276
300.000000,310.399503
310.000000,310.715731
320.000000,311.031959
330.000000,311.348187
340.000000,311.664414
350.000000,311.980642
360.000000,312.296870
370.000000,312.613098
380.000000,312.929325
390.000000,313.245553
400.000000,313.561781
410.000000,313.878009
420.000000,314.194237
430.000000,314.510464
440.000000,314.826692
450.000000,315.142920
460.000000,315.459148
470.000000,315.775375
480.000000,316.091603
490.000000,316.407831
500.000000,316.724059
510.000000,317.040286
520.000000,317.356514
530.000000,317.672742
540.000000,317.988970
550.000000,318.305197
250.000000,318.621425
260.000000,318.937653
270.000000,319.253881
280.000000,319.570109
290.000000,319.886336
300.000000,320.202564
310.000000,320.518792
320.000000,320.835020
330.000000,321.151247
340.000000,321.467475
350.000000,321.783703
360.000000,322.099931
370.000000,322.416158
380.000000,322.732386
390.000000,323.048614
400.000000,323.364842
410.000000,323.681069
420.000000,323.997297
430.000000,324.313525
440.000000,324.629753
450.000000,324.945981
460.000000,325.262208
470.000000,325.578436
480.000000,325.894664
490.000000,326.210892
500.000000,326.527119
510.000000,326.843347
520.000000,327.159575
530.000000,327.475803
540.000000,327.792030
550.000000,328.108258
250.000000,328.424486
260.000000,328.740714
270.000000,329.056942
280.000000,329.373169
290.000000,329.689397
300.000000,330.005625
310.000000,330.321853
320.000000,330.638080
330.000000,330.954308
340.000000,331.270536
350.000000,331.586764
360.000000,331.902991
370.000000,332.219219
380.000000,332.535447
390.000000,332.851675
400.000000,333.167902
410.000000,333.484130
420.000000,333.800358
430.000000,334.116586
440.000000,334.432814
450.000000,334.749041
460.000000,335.065269
470.000000,335.381497
480.000000,335.697725
490.000000,336.013952
500.000000,336.330180
510.000000,336.646408
520.000000,336.962636
530.000000,337.278863
540.000000,337.595091
550.000000,337.911319
250.000000,338.227547
260.000000,338.543774
270.000000,338.860002
280.000000,339.176230
290.000000,339.492458
300.000000,339.808686
310.000000,340.124913
320.000000,340.441141
330.000000,340.757369
340.000000,341.073597
350.000000,341.389824
360.000000,341.706052
370.000000,342.022280
380.000000,342.338508
390.000000,342.654735
400.000000,342.970963
410.000000,343.287191
420.000000,343.603419
430.000000,343.919647
440.000000,344.235874
450.000000,344.552102
460.000000,344.868330
470.000000,345.184558
480.000000,345.500785
490.000000,345.817013
500.000000,346.133241
510.000000,346.449469
520.000000,346.765696
530.000000,347.081924
540.000000,347.398152
550.000000,347.714380
250.000000,348.030607
260.000000,348.346835
270.000000,348.663063
280.000000,348.979291
290.000000,349.295519
300.000000,349.611746
310.000000,349.927974
320.000000,350.244202
330.000000,350.560430
340.000000,350.876657
350.000000,351.192885
360.000000,351.509113
370.000000,351.825341
380.000000,352.141568
390.000000,352.457796
400.000000,352.774024
410.000000,353.090252
420.000000,353.406479
430.000000,353.722707
440.000000,354.038935
450.000000,354.355163
460.000000,354.671391
470.000000,354.987618
480.000000,355.303846
490.000000,355.620074
500.000000,355.936302
510.000000,356.252529
520.000000,356.568757
530.000000,356.884985
540.000000,357.201213
550.000000,357.517440
250.000000,357.833668
260.000000,358.149896
270.000000,358.466124
280.000000,358.782352
290.000000,359.098579
300.000000,359.414807
310.000000,359.731035
320.000000,360.047263
330.000000,360.363490
340.000000,360.679718
350.000000,360.995946
360.000000,361.312174
370.000000,361.628401
380.000000,361.944629
390.000000,362.260857
400.000000,362.577085
410.000000,362.893312
420.000000,363.209540
430.000000,363.525768
440.000000,363.841996
450.000000,364.158224
460.000000,364.474451
470.000000,364.790679
480.000000,365.106907
490.000000,365.423135
500.000000,365.739362
510.000000,366.055590
520.000000,366.371818
530.000000,366.688046
540.000000,367.004273
550.000000,367.320501
250.000000,367.636729
260.000000,367.952957
270.000000,368.269184
280.000000,368.585412
290.000000,368.901640
300.000000,369.217868
310.000000,369.534096
320.000000,369.850323
330.000000,370.166551
340.000000,370.482779
350.000000,370.799007
360.000000,371.115234
370.000000,371.431462
380.000000,371.747690
390.000000,372.063918
400.000000,372.380145
410.000000,372.696373
420.000000,373.012601
430.000000,373.328829
440.000000,373.645057
450.000000,373.961284
460.000000,374.277512
470.000000,374.593740
480.000000,374.909968
490.000000,375.226195
500.000000,375.542423
510.000000,375.858651
520.000000,376.174879
530.000000,376.491106
540.000000,376.807334
550.000000,377.123562
250.000000,377.439790
260.000000,377.756017
270.000000,378.072245
280.000000,378.388473
290.000000,378.704701
300.000000,379.020929
310.000000,379.337156
320.000000,379.653384
330.000000,379.969612
340.000000,380.285840
350.000000,380.602067
360.000000,380.918295
370.000000,381.234523
380.000000,381.550751
390.000000,381.866978
400.000000,382.183206
410.000000,382.499434
420.000000,382.815662
430.000000,383.131889
440.000000,383.448117
450.000000,383.764345
460.000000,384.080573
470.000000,384.396801
480.000000,384.713028
490.000000,385.029256
500.000000,385.345484
510.000000,385.661712
520.000000,385.977939
530.000000,386.294167
540.000000,386.610395
550.000000,386.926623
250.000000,387.242850
260.000000,387.559078
270.000000,387.875306
280.000000,388.191534
290.000000,388.507762
300.000000,388.823989
310.000000,389.140217
320.000000,389.456445
330.000000,389.772673
340.000000,390.088900
350.000000,390.405128
360.000000,390.721356
370.000000,391.037584
380.000000,391.353811
390.000000,391.670039
400.000000,391.986267
410.000000,392.302495
420.000000,392.618722
430.000000,392.934950
440.000000,393.251178
450.000000,393.567406
460.000000,393.883634
470.000000,394.199861
480.000000,394.516089
490.000000,394.832317
500.000000,395.148545
510.000000,395.464772
520.000000,395.781000
530.000000,396.097228
540.000000,396.413456
550.000000,396.729683
250.000000,397.045911
260.000000,397.362139
270.000000,397.678367
280.000000,397.994594
290.000000,398.310822
300.000000,398.627050
310.000000,398.943278
320.000000,399.259506
330.000000,399.575733
340.000000,399.891961
350.000000,400.208189
360.000000,400.524417
370.000000,400.840644
380.000000,401.156872
390.000000,401.473100
400.000000,401.789328
410.000000,402.105555
420.000000,402.421783
430.000000,402.738011
440.000000,403.054239
450.000000,403.370467
460.000000,403.686694
470.000000,404.002922
480.000000,404.319150
490.000000,404.635378
500.000000,404.951605
510.000000,405.267833
520.000000,405.584061
530.000000,405.900289
540.000000,406.216516
550.000000,406.532744
250.000000,406.848972
260.000000,407.165200
270.000000,407.481427
280.000000,407.797655
290.000000,408.113883
300.000000,408.430111
310.000000,408.746339
320.000000,409.062566
330.000000,409.378794
340.000000,409.695022
350.000000,410.011250
360.000000,410.327477
370.000000,410.643705
380.000000,410.959933
390.000000,411.276161
400.000000,411.592388
410.000000,411.908616
420.000000,412.224844
430.000000,412.541072
440.000000,412.857299
450.000000,413.173527
460.000000,413.489755
470.000000,413.805983
480.000000,414.122211
490.000000,414.438438
500.000000,414.754666
510.000000,415.070894
520.000000,415.387122
530.000000,415.703349
540.000000,416.019577
550.000000,416.335805
250.000000,416.652033
260.000000,416.968260
270.000000,417.284488
280.000000,417.600716
290.000000,417.916944
300.000000,418.233172
310.000000,418.549399
320.000000,418.865627
330.000000,419.181855
340.000000,419.498083
350.000000,419.814310
360.000000,420.130538
370.000000,420.446766
380.000000,420.762994
390.000000,421.079221
400.000000,421.395449
410.000000,421.711677
420.000000,422.027905
430.000000,422.344132
440.000000,422.660360
450.000000,422.976588
460.000000,423.292816
470.000000,423.609044
480.000000,423.925271
490.000000,424.241499
500.000000,424.557727
510.000000,424.873955
520.000000,425.190182
530.000000,425.506410
540.000000,425.822638
550.000000,426.138866
250.000000,426.455093
260.000000,426.771321
270.000000,427.087549
280.000000,427.403777
290.000000,427.720005
300.000000,428.036232
310.000000,428.352460
320.000000,428.668688
330.000000,428.984916
340.000000,429.301143
350.000000,429.617371
360.000000,429.933599
370.000000,430.249827
380.000000,430.566054
390.000000,430.882282
400.000000,431.198510
410.000000,431.514738
420.000000,431.830965
430.000000,432.147193
440.000000,432.463421
450.000000,432.779649
460.000000,433.095877
470.000000,433.412104
480.000000,433.728332
490.000000,434.044560
500.000000,434.360788
510.000000,434.677015
520.000000,434.993243
530.000000,435.309471
540.000000,435.625699
550.000000,435.941926
250.000000,436.258154
260.000000,436.574382
270.000000,436.890610
280.000000,437.206837
290.000000,437.523065
300.000000,437.839293
310.000000,438.155521
320.000000,438.471749
330.000000,438.787976
340.000000,439.104204
350.000000,439.420432
360.000000,439.736660
370.000000,440.052887
380.000000,440.369115
390.000000,440.685343
400.000000,441.001571
410.000000,441.317798
420.000000,441.634026
430.000000,441.950254
440.000000,442.266482
450.000000,442.582710
460.000000,442.898937
470.000000,443.215165
480.000000,443.531393
490.000000,443.847621
500.000000,444.163848
510.000000,444.480076
520.000000,444.796304
530.000000,445.112532
540.000000,445.428759
550.000000,445.744987
250.000000,446.061215
260.000000,446.377443
270.000000,446.693670
280.000000,447.009898
290.000000,447.326126
300.000000,447.642354
310.000000,447.958582
320.000000,448.274809
330.000000,448.591037
340.000000,448.907265
350.000000,449.223493
360.000000,449.539720
370.000000,449.855948
380.000000,450.172176
390.000000,450.488404
400.000000,450.804631
410.000000,451.120859
420.000000,451.437087
430.000000,451.753315
440.000000,452.069542
450.000000,452.385770
460.000000,452.701998
470.000000,453.018226
480.000000,453.334454
490.000000,453.650681
500.000000,453.966909
510.000000,454.283137
520.000000,454.599365
530.000000,454.915592
540.000000,455.231820
550.000000,455.548048
250.000000,455.864276
260.000000,456.180503
270.000000,456.496731
280.000000,456.812959
290.000000,457.129187
300.000000,457.445415
310.000000,457.761642
320.000000,458.077870
330.000000,458.394098
340.000000,458.710326
350.000000,459.026553
360.000000,459.342781
370.000000,459.659009
380.000000,459.975237
390.000000,460.291464
400.000000,460.607692
410.000000,460.923920
420.000000,461.240148
430.000000,461.556375
440.000000,461.872603
450.000000,462.188831
460.000000,462.505059
470.000000,462.821287
480.000000,463.137514
490.000000,463.453742
500.000000,463.769970
510.000000,464.086198
520.000000,464.402425
530.000000,464.718653
540.000000,465.034881
550.000000,465.351109
250.000000,465.667336
260.000000,465.983564
270.000000,466.299792
280.000000,466.616020
290.000000,466.932247
300.000000,467.248475
310.000000,467.564703
320.000000,467.880931
330.000000,468.197159
340.000000,468.513386
350.000000,468.829614
360.000000,469.145842
370.000000,469.462070
380.000000,469.778297
390.000000,470.094525
400.000000,470.410753
410.000000,470.726981
420.000000,471.043208
430.000000,471.359436
440.000000,471.675664
450.000000,471.991892
460.000000,472.308120
470.000000,472.624347
480.000000,472.940575
490.000000,473.256803
500.000000,473.573031
510.000000,473.889258
520.000000,474.205486
530.000000,474.521714
540.000000,474.837942
550.000000,475.154169
250.000000,475.470397
260.000000,475.786625
270.000000,476.102853
280.000000,476.419080
290.000000,476.735308
300.000000,477.051536
310.000000,477.367764
320.000000,477.683992
330.000000,478.000219
340.000000,478.316447
350.000000,478.632675
360.000000,478.948903
370.000000,479.265130
380.000000,479.581358
390.000000,479.897586
400.000000,480.213814
410.000000,480.530041
420.000000,480.846269
430.000000,481.162497
440.000000,481.478725
450.000000,481.794952
460.000000,482.111180
470.000000,482.427408
480.000000,482.743636
490.000000,483.059864
500.000000,483.376091
510.000000,483.692319
520.000000,484.008547
530.000000,484.324775
540.000000,484.641002
550.000000,484.957230
250.000000,485.273458
260.000000,485.589686
270.000000,485.905913
280.000000,486.222141
290.000000,486.538369
300.000000,486.854597
310.000000,487.170825
320.000000,487.487052
330.000000,487.803280
340.000000,488.119508
350.000000,488.435736
360.000000,488.751963
370.000000,489.068191
380.000000,489.384419
390.000000,489.700647
400.000000,490.016874
410.000000,490.333102
420.000000,490.649330
430.000000,490.965558
440.000000,491.281785
450.000000,491.598013
460.000000,491.914241
470.000000,492.230469
480.000000,492.546697
490.000000,492.862924
500.000000,493.179152
510.000000,493.495380
520.000000,493.811608
530.000000,494.127835
540.000000,494.444063
550.000000,494.760291
250.000000,495.076519
260.000000,495.392746
270.000000,495.708974
280.000000,496.025202
290.000000,496.341430
300.000000,496.657657
310.000000,496.973885
320.000000,497.290113
330.000000,497.606341
340.000000,497.922569
350.000000,498.238796
360.000000,498.555024
370.000000,498.871252
380.000000,499.187480
390.000000,499.503707
400.000000,499.819935
410.000000,500.136163
420.000000,500.452391
430.000000,500.768618
440.000000,501.084846
450.000000,501.401074
460.000000,501.717302
470.000000,502.033530
480.000000,502.349757
490.000000,502.665985
500.000000,502.982213
510.000000,503.298441
520.000000,503.614668
530.000000,503.930896
540.000000,504.247124
550.000000,504.563352
250.000000,504.879579
260.000000,505.195807
270.000000,505.512035
280.000000,505.828263
290.000000,506.144490
300.000000,506.460718
310.000000,506.776946
320.000000,507.093174
330.000000,507.409402
340.000000,507.725629
350.000000,508.041857
360.000000,508.358085
370.000000,508.674313
380.000000,508.990540
390.000000,509.306768
400.000000,509.622996
410.000000,509.939224
420.000000,510.255451
430.000000,510.571679
440.000000,510.887907
450.000000,511.204135
460.000000,511.520362
470.000000,511.836590
480.000000,512.152818
490.000000,512.469046
500.000000,512.785274
510.000000,513.101501
520.000000,513.417729
530.000000,513.733957
540.000000,514.050185
550.000000,514.366412
250.000000,514.682640
260.000000,514.998868
270.000000,515.315096
280.000000,515.631323
290.000000,515.947551
300.000000,516.263779
310.000000,516.580007
320.000000,516.896235
330.000000,517.212462
340.000000,517.528690
350.000000,517.844918
360.000000,518.161146
370.000000,518.477373
380.000000,518.793601
390.000000,519.109829
400.000000,519.426057
410.000000,519.742284
420.000000,520.058512
430.000000,520.374740
440.000000,520.690968
450.000000,521.007195
460.000000,521.323423
470.000000,521.639651
480.000000,521.955879
490.000000,522.272107
500.000000,522.588334
510.000000,522.904562
520.000000,523.220790
530.000000,523.537018
540.000000,523.853245
550.000000,524.169473
250.000000,524.485701
260.000000,524.801929
270.000000,525.118156
280.000000,525.434384
290.000000,525.750612
300.000000,526.066840
310.000000,526.383067
320.000000,526.699295
330.000000,527.015523
340.000000,527.331751
350.000000,527.647979
360.000000,527.964206
370.000000,528.280434
380.000000,528.596662
390.000000,528.912890
400.000000,529.229117
410.000000,529.545345
420.000000,529.861573
430.000000,530.177801
440.000000,530.494028
450.000000,530.810256
460.000000,531.126484
470.000000,531.442712
480.000000,531.758940
490.000000,532.075167
500.000000,532.391395
510.000000,532.707623
520.000000,533.023851
530.000000,533.340078
540.000000,533.656306
550.000000,533.972534
250.000000,534.288762
260.000000,534.604989
270.000000,534.921217
280.000000,535.237445
290.000000,535.553673
300.000000,535.869900
310.000000,536.186128
320.000000,536.502356
330.000000,536.818584
340.000000,537.134812
350.000000,537.451039
360.000000,537.767267
370.000000,538.083495
380.000000,538.399723
390.000000,538.715950
400.000000,539.032178
410.000000,539.348406
420.000000,539.664634
430.000000,539.980861
440.000000,540.297089
450.000000,540.613317
460.000000,540.929545
470.000000,541.245773
480.000000,541.562000
490.000000,541.878228
500.000000,542.194456
510.000000,542.510684
520.000000,542.826911
530.000000,543.143139
540.000000,543.459367
550.000000,543.775595
250.000000,544.091822
260.000000,544.408050
270.000000,544.724278
280.000000,545.040506
290.000000,545.356733
300.000000,545.672961
310.000000,545.989189
320.000000,546.305417
330.000000,546.621645
340.000000,546.937872
350.000000,547.254100
360.000000,547.570328
370.000000,547.886556
380.000000,548.202783
390.000000,548.519011
400.000000,548.835239
410.000000,549.151467
420.000000,549.467694
430.000000,549.783922
440.000000,550.100150
450.000000,550.416378
460.000000,550.732605
470.000000,551.048833
480.000000,551.365061
490.000000,551.681289
500.000000,551.997517
510.000000,552.313744
520.000000,552.629972
530.000000,552.946200
540.000000,553.262428
550.000000,553.578655
250.000000,553.894883
260.000000,554.211111
270.000000,554.527339
280.000000,554.843566
290.000000,555.159794
300.000000,555.476022
310.000000,555.792250
320.000000,556.108478
330.000000,556.424705
340.000000,556.740933
350.000000,557.057161
360.000000,557.373389
370.000000,557.689616
380.000000,558.005844
390.000000,558.322072
400.000000,558.638300
410.000000,558.954527
420.000000,559.270755
430.000000,559.586983
440.000000,559.903211
450.000000,560.219438
460.000000,560.535666
470.000000,560.851894
480.000000,561.168122
490.000000,561.484350
500.000000,561.800577
510.000000,562.116805
520.000000,562.433033
530.000000,562.749261
540.000000,563.065488
550.000000,563.381716
250.000000,563.697944
260.000000,564.014172
270.000000,564.330399
280.000000,564.646627
290.000000,564.962855
300.000000,565.279083
310.000000,565.595310
320.000000,565.911538
