250.000000,250.000000
255.000000,250.158114
260.000000,250.316228
265.000000,250.474342
270.000000,250.632456
275.000000,250.790569
280.000000,250.948683
285.000000,251.106797
290.000000,251.264911
295.000000,251.423025
300.000000,251.581139
305.000000,251.739253
310.000000,251.897367
315.000000,252.055480
320.000000,252.213594
325.000000,252.371708
330.000000,252.529822
335.000000,252.687936
340.000000,252.846050
345.000000,253.004164
350.000000,253.162278
355.000000,253.320392
360.000000,253.478505
365.000000,253.636619
370.000000,253.794733
375.000000,253.952847
380.000000,254.110961
385.000000,254.269075
390.000000,254.427189
395.000000,254.585303
400.000000,254.743416
250.000000,254.901530
255.000000,255.059644
260.000000,255.217758
265.000000,255.375872
270.000000,255.533986
275.000000,255.692100
280.000000,255.850214
285.000000,256.008328
290.000000,256.166441
295.000000,256.324555
300.000000,256.482669
305.000000,256.640783
310.000000,256.798897
315.000000,256.957011
320.000000,257.115125
325.000000,257.273239
330.000000,257.431353
335.000000,257.589466
340.000000,257.747580
345.000000,257.905694
350.000000,258.063808
355.000000,258.221922
360.000000,258.380036
365.000000,258.538150
370.000000,258.696264
375.000000,258.854377
380.000000,259.012491
385.000000,259.170605
390.000000,259.328719
395.000000,259.486833
400.000000,259.644947
250.000000,259.803061
255.000000,259.961175
260.000000,260.119289
265.000000,260.277402
270.000000,260.435516
275.000000,260.593630
280.000000,260.751744
285.000000,260.909858
290.000000,261.067972
295.000000,261.226086
300.000000,261.384200
305.000000,261.542313
310.000000,261.700427
315.000000,261.858541
320.000000,262.016655
325.000000,262.174769
330.000000,262.332883
335.000000,262.490997
340.000000,262.649111
345.000000,262.807225
350.000000,262.965338
355.000000,263.123452
360.000000,263.281566
365.000000,263.439680
370.000000,263.597794
375.000000,263.755908
380.000000,263.914022
385.000000,264.072136
390.000000,264.230249
395.000000,264.388363
400.000000,264.546477
250.000000,264.704591
255.000000,264.862705
260.000000,265.020819
265.000000,265.178933
270.000000,265.337047
275.000000,265.495161
280.000000,265.653274
285.000000,265.811388
290.000000,265.969502
295.000000,266.127616
300.000000,266.285730
305.000000,266.443844
310.000000,266.601958
315.000000,266.760072
320.000000,266.918185
325.000000,267.076299
330.000000,267.234413
335.000000,267.392527
340.000000,267.550641
345.000000,267.708755
350.000000,267.866869
355.000000,268.024983
360.000000,268.183097
365.000000,268.341210
370.000000,268.499324
375.000000,268.657438
380.000000,268.815552
385.000000,268.973666
390.000000,269.131780
395.000000,269.289894
400.000000,269.448008
250.000000,269.606121
255.000000,269.764235
260.000000,269.922349
265.000000,270.080463
270.000000,270.238577
275.000000,270.396691
280.000000,270.554805
285.000000,270.712919
290.000000,270.871033
295.000000,271.029146
300.000000,271.187260
305.000000,271.345374
310.000000,271.503488
315.000000,271.661602
320.000000,271.819716
325.000000,271.977830
330.000000,272.135944
335.000000,272.294058
340.000000,272.452171
345.000000,272.610285
350.000000,272.768399
355.000000,272.926513
360.000000,273.084627
365.000000,273.242741
370.000000,273.400855
375.000000,273.558969
380.000000,273.717082
385.000000,273.875196
390.000000,274.033310
395.000000,274.191424
400.000000,274.349538
250.000000,274.507652
255.000000,274.665766
260.000000,274.823880
265.000000,274.981994
270.000000,275.140107
275.000000,275.298221
280.000000,275.456335
285.000000,275.614449
290.000000,275.772563
295.000000,275.930677
300.000000,276.088791
305.000000,276.246905
310.000000,276.405018
315.000000,276.563132
320.000000,276.721246
325.000000,276.879360
330.000000,277.037474
335.000000,277.195588
340.000000,277.353702
345.000000,277.511816
350.000000,277.669930
355.000000,277.828043
360.000000,277.986157
365.000000,278.144271
370.000000,278.302385
375.000000,278.460499
380.000000,278.618613
385.000000,278.776727
390.000000,278.934841
395.000000,279.092954
400.000000,279.251068
250.000000,279.409182
255.000000,279.567296
260.000000,279.725410
265.000000,279.883524
270.000000,280.041638
275.000000,280.199752
280.000000,280.357866
285.000000,280.515979
290.000000,280.674093
295.000000,280.832207
300.000000,280.990321
305.000000,281.148435
310.000000,281.306549
315.000000,281.464663
320.000000,281.622777
325.000000,281.780890
330.000000,281.939004
335.000000,282.097118
340.000000,282.255232
345.000000,282.413346
350.000000,282.571460
355.000000,282.729574
360.000000,282.887688
365.000000,283.045802
370.000000,283.203915
375.000000,283.362029
380.000000,283.520143
385.000000,283.678257
390.000000,283.836371
395.000000,283.994485
400.000000,284.152599
250.000000,284.310713
255.000000,284.468826
260.000000,284.626940
265.000000,284.785054
270.000000,284.943168
275.000000,285.101282
280.000000,285.259396
285.000000,285.417510
290.000000,285.575624
295.000000,285.733738
300.000000,285.891851
305.000000,286.049965
310.000000,286.208079
315.000000,286.366193
320.000000,286.524307
325.000000,286.682421
330.000000,286.840535
335.000000,286.998649
340.000000,287.156763
345.000000,287.314876
350.000000,287.472990
355.000000,287.631104
360.000000,287.789218
365.000000,287.947332
370.000000,288.105446
375.000000,288.263560
380.000000,288.421674
385.000000,288.579787
390.000000,288.737901
395.000000,288.896015
400.000000,289.054129
250.000000,289.212243
255.000000,289.370357
260.000000,289.528471
265.000000,289.686585
270.000000,289.844699
275.000000,290.002812
280.000000,290.160926
285.000000,290.319040
290.000000,290.477154
295.000000,290.635268
300.000000,290.793382
305.000000,290.951496
310.000000,291.109610
315.000000,291.267723
320.000000,291.425837
325.000000,291.583951
330.000000,291.742065
335.000000,291.900179
340.000000,292.058293
345.000000,292.216407
350.000000,292.374521
355.000000,292.532635
360.000000,292.690748
365.000000,292.848862
370.000000,293.006976
375.000000,293.165090
380.000000,293.323204
385.000000,293.481318
390.000000,293.639432
395.000000,293.797546
400.000000,293.955659
250.000000,294.113773
255.000000,294.271887
260.000000,294.430001
265.000000,294.588115
270.000000,294.746229
275.000000,294.904343
280.000000,295.062457
285.000000,295.220571
290.000000,295.378684
295.000000,295.536798
300.000000,295.694912
305.000000,295.853026
310.000000,296.011140
315.000000,296.169254
320.000000,296.327368
325.000000,296.485482
330.000000,296.643595
335.000000,296.801709
340.000000,296.959823
345.000000,297.117937
350.000000,297.276051
355.000000,297.434165
360.000000,297.592279
365.000000,297.750393
370.000000,297.908507
375.000000,298.066620
380.000000,298.224734
385.000000,298.382848
390.000000,298.540962
395.000000,298.699076
400.000000,298.857190
250.000000,299.015304
255.000000,299.173418
260.000000,299.331531
265.000000,299.489645
270.000000,299.647759
275.000000,299.805873
280.000000,299.963987
285.000000,300.122101
290.000000,300.280215
295.000000,300.438329
300.000000,300.596443
305.000000,300.754556
310.000000,300.912670
315.000000,301.070784
320.000000,301.228898
325.000000,301.387012
330.000000,301.545126
335.000000,301.703240
340.000000,301.861354
345.000000,302.019468
350.000000,302.177581
355.000000,302.335695
360.000000,302.493809
365.000000,302.651923
370.000000,302.810037
375.000000,302.968151
380.000000,303.126265
385.000000,303.284379
390.000000,303.442492
395.000000,303.600606
400.000000,303.758720
250.000000,303.916834
255.000000,304.074948
260.000000,304.233062
265.000000,304.391176
270.000000,304.549290
275.000000,304.707404
280.000000,304.865517
285.000000,305.023631
290.000000,305.181745
295.000000,305.339859
300.000000,305.497973
305.000000,305.656087
310.000000,305.814201
315.000000,305.972315
320.000000,306.130428
325.000000,306.288542
330.000000,306.446656
335.000000,306.604770
340.000000,306.762884
345.000000,306.920998
350.000000,307.079112
355.000000,307.237226
360.000000,307.395340
365.000000,307.553453
370.000000,307.711567
375.000000,307.869681
380.000000,308.027795
385.000000,308.185909
390.000000,308.344023
395.000000,308.502137
400.000000,308.660251
250.000000,308.818364
255.000000,308.976478
260.000000,309.134592
265.000000,309.292706
270.000000,309.450820
275.000000,309.608934
280.000000,309.767048
285.000000,309.925162
290.000000,310.083276
295.000000,310.241389
300.000000,310.399503
305.000000,310.557617
310.000000,310.715731
315.000000,310.873845
320.000000,311.031959
325.000000,311.190073
330.000000,311.348187
335.000000,311.506300
340.000000,311.664414
345.000000,311.822528
350.000000,311.980642
355.000000,312.138756
360.000000,312.296870
365.000000,312.454984
370.000000,312.613098
375.000000,312.771212
380.000000,312.929325
385.000000,313.087439
390.000000,313.245553
395.000000,313.403667
400.000000,313.561781
250.000000,313.719895
255.000000,313.878009
260.000000,314.036123
265.000000,314.194237
270.000000,314.352350
275.000000,314.510464
280.000000,314.668578
285.000000,314.826692
290.000000,314.984806
295.000000,315.142920
300.000000,315.301034
305.000000,315.459148
310.000000,315.617261
315.000000,315.775375
320.000000,315.933489
325.000000,316.091603
330.000000,316.249717
335.000000,316.407831
340.000000,316.565945
345.000000,316.724059
350.000000,316.882173
355.000000,317.040286
360.000000,317.198400
365.000000,317.356514
370.000000,317.514628
375.000000,317.672742
380.000000,317.830856
385.000000,317.988970
390.000000,318.147084
395.000000,318.305197
400.000000,318.463311
250.000000,318.621425
255.000000,318.779539
260.000000,318.937653
265.000000,319.095767
270.000000,319.253881
275.000000,319.411995
280.000000,319.570109
285.000000,319.728222
290.000000,319.886336
295.000000,320.044450
300.000000,320.202564
305.000000,320.360678
310.000000,320.518792
315.000000,320.676906
320.000000,320.835020
325.000000,320.993133
330.000000,321.151247
335.000000,321.309361
340.000000,321.467475
345.000000,321.625589
350.000000,321.783703
355.000000,321.941817
360.000000,322.099931
365.000000,322.258045
370.000000,322.416158
375.000000,322.574272
380.000000,322.732386
385.000000,322.890500
390.000000,323.048614
395.000000,323.206728
400.000000,323.364842
250.000000,323.522956
255.000000,323.681069
260.000000,323.839183
265.000000,323.997297
270.000000,324.155411
275.000000,324.313525
280.000000,324.471639
285.000000,324.629753
290.000000,324.787867
295.000000,324.945981
300.000000,325.104094
305.000000,325.262208
310.000000,325.420322
315.000000,325.578436
320.000000,325.736550
325.000000,325.894664
330.000000,326.052778
335.000000,326.210892
340.000000,326.369005
345.000000,326.527119
350.000000,326.685233
355.000000,326.843347
360.000000,327.001461
365.000000,327.159575
370.000000,327.317689
375.000000,327.475803
380.000000,327.633917
385.000000,327.792030
390.000000,327.950144
395.000000,328.108258
400.000000,328.266372
250.000000,328.424486
255.000000,328.582600
260.000000,328.740714
265.000000,328.898828
270.000000,329.056942
275.000000,329.215055
280.000000,329.373169
285.000000,329.531283
290.000000,329.689397
295.000000,329.847511
300.000000,330.005625
305.000000,330.163739
310.000000,330.321853
315.000000,330.479966
320.000000,330.638080
325.000000,330.796194
330.000000,330.954308
335.000000,331.112422
340.000000,331.270536
345.000000,331.428650
350.000000,331.586764
355.000000,331.744878
360.000000,331.902991
365.000000,332.061105
370.000000,332.219219
375.000000,332.377333
380.000000,332.535447
385.000000,332.693561
390.000000,332.851675
395.000000,333.009789
400.000000,333.167902
250.000000,333.326016
255.000000,333.484130
260.000000,333.642244
265.000000,333.800358
270.000000,333.958472
275.000000,334.116586
280.000000,334.274700
285.000000,334.432814
290.000000,334.590927
295.000000,334.749041
300.000000,334.907155
305.000000,335.065269
310.000000,335.223383
315.000000,335.381497
320.000000,335.539611
325.000000,335.697725
330.000000,335.855838
335.000000,336.013952
340.000000,336.172066
345.000000,336.330180
350.000000,336.488294
355.000000,336.646408
360.000000,336.804522
365.000000,336.962636
370.000000,337.120750
375.000000,337.278863
380.000000,337.436977
385.000000,337.595091
390.000000,337.753205
395.000000,337.911319
400.000000,338.069433
250.000000,338.227547
255.000000,338.385661
260.000000,338.543774
265.000000,338.701888
270.000000,338.860002
275.000000,339.018116
280.000000,339.176230
285.000000,339.334344
290.000000,339.492458
295.000000,339.650572
300.000000,339.808686
305.000000,339.966799
310.000000,340.124913
315.000000,340.283027
320.000000,340.441141
325.000000,340.599255
330.000000,340.757369
335.000000,340.915483
340.000000,341.073597
345.000000,341.231710
350.000000,341.389824
355.000000,341.547938
360.000000,341.706052
365.000000,341.864166
370.000000,342.022280
375.000000,342.180394
380.000000,342.338508
385.000000,342.496622
390.000000,342.654735
395.000000,342.812849
400.000000,342.970963
250.000000,343.129077
255.000000,343.287191
260.000000,343.445305
265.000000,343.603419
270.000000,343.761533
275.000000,343.919647
280.000000,344.077760
285.000000,344.235874
290.000000,344.393988
295.000000,344.552102
300.000000,344.710216
305.000000,344.868330
310.000000,345.026444
315.000000,345.184558
320.000000,345.342671
325.000000,345.500785
330.000000,345.658899
335.000000,345.817013
340.000000,345.975127
345.000000,346.133241
350.000000,346.291355
355.000000,346.449469
360.000000,346.607583
365.000000,346.765696
370.000000,346.923810
375.000000,347.081924
380.000000,347.240038
385.000000,347.398152
390.000000,347.556266
395.000000,347.714380
400.000000,347.872494
250.000000,348.030607
255.000000,348.188721
260.000000,348.346835
265.000000,348.504949
270.000000,348.663063
275.000000,348.821177
280.000000,348.979291
285.000000,349.137405
290.000000,349.295519
295.000000,349.453632
300.000000,349.611746
305.000000,349.769860
310.000000,349.927974
315.000000,350.086088
320.000000,350.244202
325.000000,350.402316
330.000000,350.560430
335.000000,350.718543
340.000000,350.876657
345.000000,351.034771
350.000000,351.192885
355.000000,351.350999
360.000000,351.509113
365.000000,351.667227
370.000000,351.825341
375.000000,351.983455
380.000000,352.141568
385.000000,352.299682
390.000000,352.457796
395.000000,352.615910
400.000000,352.774024
250.000000,352.932138
255.000000,353.090252
260.000000,353.248366
265.000000,353.406479
270.000000,353.564593
275.000000,353.722707
280.000000,353.880821
285.000000,354.038935
290.000000,354.197049
295.000000,354.355163
300.000000,354.513277
305.000000,354.671391
310.000000,354.829504
315.000000,354.987618
320.000000,355.145732
325.000000,355.303846
330.000000,355.461960
335.000000,355.620074
340.000000,355.778188
345.000000,355.936302
350.000000,356.094415
355.000000,356.252529
360.000000,356.410643
365.000000,356.568757
370.000000,356.726871
375.000000,356.884985
380.000000,357.043099
385.000000,357.201213
390.000000,357.359327
395.000000,357.517440
400.000000,357.675554
250.000000,357.833668
255.000000,357.991782
260.000000,358.149896
265.000000,358.308010
270.000000,358.466124
275.000000,358.624238
280.000000,358.782352
285.000000,358.940465
290.000000,359.098579
295.000000,359.256693
300.000000,359.414807
305.000000,359.572921
310.000000,359.731035
315.000000,359.889149
320.000000,360.047263
325.000000,360.205376
330.000000,360.363490
335.000000,360.521604
340.000000,360.679718
345.000000,360.837832
350.000000,360.995946
355.000000,361.154060
360.000000,361.312174
365.000000,361.470288
370.000000,361.628401
375.000000,361.786515
380.000000,361.944629
385.000000,362.102743
390.000000,362.260857
395.000000,362.418971
400.000000,362.577085
250.000000,362.735199
255.000000,362.893312
260.000000,363.051426
265.000000,363.209540
270.000000,363.367654
275.000000,363.525768
280.000000,363.683882
285.000000,363.841996
290.000000,364.000110
295.000000,364.158224
300.000000,364.316337
305.000000,364.474451
310.000000,364.632565
315.000000,364.790679
320.000000,364.948793
325.000000,365.106907
330.000000,365.265021
335.000000,365.423135
340.000000,365.581248
345.000000,365.739362
350.000000,365.897476
355.000000,366.055590
360.000000,366.213704
365.000000,366.371818
370.000000,366.529932
375.000000,366.688046
380.000000,366.846160
385.000000,367.004273
390.000000,367.162387
395.000000,367.320501
400.000000,367.478615
250.000000,367.636729
255.000000,367.794843
260.000000,367.952957
265.000000,368.111071
270.000000,368.269184
275.000000,368.427298
280.000000,368.585412
285.000000,368.743526
290.000000,368.901640
295.000000,369.059754
300.000000,369.217868
305.000000,369.375982
310.000000,369.534096
315.000000,369.692209
320.000000,369.850323
325.000000,370.008437
330.000000,370.166551
335.000000,370.324665
340.000000,370.482779
345.000000,370.640893
350.000000,370.799007
355.000000,370.957121
360.000000,371.115234
365.000000,371.273348
370.000000,371.431462
375.000000,371.589576
380.000000,371.747690
385.000000,371.905804
390.000000,372.063918
395.000000,372.222032
400.000000,372.380145
250.000000,372.538259
255.000000,372.696373
260.000000,372.854487
265.000000,373.012601
270.000000,373.170715
275.000000,373.328829
280.000000,373.486943
285.000000,373.645057
290.000000,373.803170
295.000000,373.961284
300.000000,374.119398
305.000000,374.277512
310.000000,374.435626
315.000000,374.593740
320.000000,374.751854
325.000000,374.909968
330.000000,375.068081
335.000000,375.226195
340.000000,375.384309
345.000000,375.542423
350.000000,375.700537
355.000000,375.858651
360.000000,376.016765
365.000000,376.174879
370.000000,376.332993
375.000000,376.491106
380.000000,376.649220
385.000000,376.807334
390.000000,376.965448
395.000000,377.123562
400.000000,377.281676
250.000000,377.439790
255.000000,377.597904
260.000000,377.756017
265.000000,377.914131
270.000000,378.072245
275.000000,378.230359
280.000000,378.388473
285.000000,378.546587
290.000000,378.704701
295.000000,378.862815
300.000000,379.020929
305.000000,379.179042
310.000000,379.337156
315.000000,379.495270
320.000000,379.653384
325.000000,379.811498
330.000000,379.969612
335.000000,380.127726
340.000000,380.285840
345.000000,380.443953
350.000000,380.602067
355.000000,380.760181
360.000000,380.918295
365.000000,381.076409
370.000000,381.234523
375.000000,381.392637
380.000000,381.550751
385.000000,381.708865
390.000000,381.866978
395.000000,382.025092
400.000000,382.183206
250.000000,382.341320
255.000000,382.499434
260.000000,382.657548
265.000000,382.815662
270.000000,382.973776
275.000000,383.131889
280.000000,383.290003
285.000000,383.448117
290.000000,383.606231
295.000000,383.764345
300.000000,383.922459
305.000000,384.080573
310.000000,384.238687
315.000000,384.396801
320.000000,384.554914
325.000000,384.713028
330.000000,384.871142
335.000000,385.029256
340.000000,385.187370
345.000000,385.345484
350.000000,385.503598
355.000000,385.661712
360.000000,385.819826
365.000000,385.977939
370.000000,386.136053
375.000000,386.294167
380.000000,386.452281
385.000000,386.610395
390.000000,386.768509
395.000000,386.926623
400.000000,387.084737
250.000000,387.242850
255.000000,387.400964
260.000000,387.559078
265.000000,387.717192
270.000000,387.875306
275.000000,388.033420
280.000000,388.191534
285.000000,388.349648
290.000000,388.507762
295.000000,388.665875
300.000000,388.823989
305.000000,388.982103
310.000000,389.140217
315.000000,389.298331
320.000000,389.456445
325.000000,389.614559
330.000000,389.772673
335.000000,389.930786
340.000000,390.088900
345.000000,390.247014
350.000000,390.405128
355.000000,390.563242
360.000000,390.721356
365.000000,390.879470
370.000000,391.037584
375.000000,391.195698
380.000000,391.353811
385.000000,391.511925
390.000000,391.670039
395.000000,391.828153
400.000000,391.986267
250.000000,392.144381
255.000000,392.302495
260.000000,392.460609
265.000000,392.618722
270.000000,392.776836
275.000000,392.934950
280.000000,393.093064
285.000000,393.251178
290.000000,393.409292
295.000000,393.567406
300.000000,393.725520
305.000000,393.883634
310.000000,394.041747
315.000000,394.199861
320.000000,394.357975
325.000000,394.516089
330.000000,394.674203
335.000000,394.832317
340.000000,394.990431
345.000000,395.148545
350.000000,395.306658
355.000000,395.464772
360.000000,395.622886
365.000000,395.781000
370.000000,395.939114
375.000000,396.097228
380.000000,396.255342
385.000000,396.413456
390.000000,396.571570
395.000000,396.729683
400.000000,396.887797
250.000000,397.045911
255.000000,397.204025
260.000000,397.362139
265.000000,397.520253
270.000000,397.678367
275.000000,397.836481
280.000000,397.994594
285.000000,398.152708
290.000000,398.310822
295.000000,398.468936
300.000000,398.627050
305.000000,398.785164
310.000000,398.943278
315.000000,399.101392
320.000000,399.259506
325.000000,399.417619
330.000000,399.575733
335.000000,399.733847
340.000000,399.891961
345.000000,400.050075
350.000000,400.208189
355.000000,400.366303
360.000000,400.524417
365.000000,400.682531
370.000000,400.840644
375.000000,400.998758
380.000000,401.156872
385.000000,401.314986
390.000000,401.473100
395.000000,401.631214
400.000000,401.789328
250.000000,401.947442
255.000000,402.105555
260.000000,402.263669
265.000000,402.421783
270.000000,402.579897
275.000000,402.738011
280.000000,402.896125
285.000000,403.054239
290.000000,403.212353
295.000000,403.370467
300.000000,403.528580
305.000000,403.686694
310.000000,403.844808
315.000000,404.002922
320.000000,404.161036
325.000000,404.319150
330.000000,404.477264
335.000000,404.635378
340.000000,404.793491
345.000000,404.951605
350.000000,405.109719
355.000000,405.267833
360.000000,405.425947
365.000000,405.584061
370.000000,405.742175
375.000000,405.900289
380.000000,406.058403
385.000000,406.216516
390.000000,406.374630
395.000000,406.532744
400.000000,406.690858
250.000000,406.848972
255.000000,407.007086
260.000000,407.165200
265.000000,407.323314
270.000000,407.481427
275.000000,407.639541
280.000000,407.797655
285.000000,407.955769
450.000000,250.000000
455.000000,250.158114
460.000000,250.316228
465.000000,250.474342
470.000000,250.632456
475.000000,250.790569
480.000000,250.948683
485.000000,251.106797
490.000000,251.264911
495.000000,251.423025
500.000000,251.581139
505.000000,251.739253
510.000000,251.897367
515.000000,252.055480
520.000000,252.213594
525.000000,252.371708
530.000000,252.529822
535.000000,252.687936
540.000000,252.846050
545.000000,253.004164
550.000000,253.162278
555.000000,253.320392
560.000000,253.478505
565.000000,253.636619
570.000000,253.794733
575.000000,253.952847
580.000000,254.110961
585.000000,254.269075
590.000000,254.427189
595.000000,254.585303
600.000000,254.743416
450.000000,254.901530
455.000000,255.059644
460.000000,255.217758
465.000000,255.375872
470.000000,255.533986
475.000000,255.692100
480.000000,255.850214
485.000000,256.008328
490.000000,256.166441
495.000000,256.324555
500.000000,256.482669
505.000000,256.640783
510.000000,256.798897
515.000000,256.957011
520.000000,257.115125
525.000000,257.273239
530.000000,257.431353
535.000000,257.589466
540.000000,257.747580
545.000000,257.905694
550.000000,258.063808
555.000000,258.221922
560.000000,258.380036
565.000000,258.538150
570.000000,258.696264
575.000000,258.854377
580.000000,259.012491
585.000000,259.170605
590.000000,259.328719
595.000000,259.486833
600.000000,259.644947
450.000000,259.803061
455.000000,259.961175
460.000000,260.119289
465.000000,260.277402
470.000000,260.435516
475.000000,260.593630
480.000000,260.751744
485.000000,260.909858
490.000000,261.067972
495.000000,261.226086
500.000000,261.384200
505.000000,261.542313
510.000000,261.700427
515.000000,261.858541
520.000000,262.016655
525.000000,262.174769
530.000000,262.332883
535.000000,262.490997
540.000000,262.649111
545.000000,262.807225
550.000000,262.965338
555.000000,263.123452
560.000000,263.281566
565.000000,263.439680
570.000000,263.597794
575.000000,263.755908
580.000000,263.914022
585.000000,264.072136
590.000000,264.230249
595.000000,264.388363
600.000000,264.546477
450.000000,264.704591
455.000000,264.862705
460.000000,265.020819
465.000000,265.178933
470.000000,265.337047
475.000000,265.495161
480.000000,265.653274
485.000000,265.811388
490.000000,265.969502
495.000000,266.127616
500.000000,266.285730
505.000000,266.443844
510.000000,266.601958
515.000000,266.760072
520.000000,266.918185
525.000000,267.076299
530.000000,267.234413
535.000000,267.392527
540.000000,267.550641
545.000000,267.708755
550.000000,267.866869
555.000000,268.024983
560.000000,268.183097
565.000000,268.341210
570.000000,268.499324
575.000000,268.657438
580.000000,268.815552
585.000000,268.973666
590.000000,269.131780
595.000000,269.289894
600.000000,269.448008
450.000000,269.606121
455.000000,269.764235
460.000000,269.922349
465.000000,270.080463
470.000000,270.238577
475.000000,270.396691
480.000000,270.554805
485.000000,270.712919
490.000000,270.871033
495.000000,271.029146
500.000000,271.187260
505.000000,271.345374
510.000000,271.503488
515.000000,271.661602
520.000000,271.819716
525.000000,271.977830
530.000000,272.135944
535.000000,272.294058
540.000000,272.452171
545.000000,272.610285
550.000000,272.768399
555.000000,272.926513
560.000000,273.084627
565.000000,273.242741
570.000000,273.400855
575.000000,273.558969
580.000000,273.717082
585.000000,273.875196
590.000000,274.033310
595.000000,274.191424
600.000000,274.349538
450.000000,274.507652
455.000000,274.665766
460.000000,274.823880
465.000000,274.981994
470.000000,275.140107
475.000000,275.298221
480.000000,275.456335
485.000000,275.614449
490.000000,275.772563
495.000000,275.930677
500.000000,276.088791
505.000000,276.246905
510.000000,276.405018
515.000000,276.563132
520.000000,276.721246
525.000000,276.879360
530.000000,277.037474
535.000000,277.195588
540.000000,277.353702
545.000000,277.511816
550.000000,277.669930
555.000000,277.828043
560.000000,277.986157
565.000000,278.144271
570.000000,278.302385
575.000000,278.460499
580.000000,278.618613
585.000000,278.776727
590.000000,278.934841
595.000000,279.092954
600.000000,279.251068
450.000000,279.409182
455.000000,279.567296
460.000000,279.725410
465.000000,279.883524
470.000000,280.041638
475.000000,280.199752
480.000000,280.357866
485.000000,280.515979
490.000000,280.674093
495.000000,280.832207
500.000000,280.990321
505.000000,281.148435
510.000000,281.306549
515.000000,281.464663
520.000000,281.622777
525.000000,281.780890
530.000000,281.939004
535.000000,282.097118
540.000000,282.255232
545.000000,282.413346
550.000000,282.571460
555.000000,282.729574
560.000000,282.887688
565.000000,283.045802
570.000000,283.203915
575.000000,283.362029
580.000000,283.520143
585.000000,283.678257
590.000000,283.836371
595.000000,283.994485
600.000000,284.152599
450.000000,284.310713
455.000000,284.468826
460.000000,284.626940
465.000000,284.785054
470.000000,284.943168
475.000000,285.101282
480.000000,285.259396
485.000000,285.417510
490.000000,285.575624
495.000000,285.733738
500.000000,285.891851
505.000000,286.049965
510.000000,286.208079
515.000000,286.366193
520.000000,286.524307
525.000000,286.682421
530.000000,286.840535
535.000000,286.998649
540.000000,287.156763
545.000000,287.314876
550.000000,287.472990
555.000000,287.631104
560.000000,287.789218
565.000000,287.947332
570.000000,288.105446
575.000000,288.263560
580.000000,288.421674
585.000000,288.579787
590.000000,288.737901
595.000000,288.896015
600.000000,289.054129
450.000000,289.212243
455.000000,289.370357
460.000000,289.528471
465.000000,289.686585
470.000000,289.844699
475.000000,290.002812
480.000000,290.160926
485.000000,290.319040
490.000000,290.477154
495.000000,290.635268
500.000000,290.793382
505.000000,290.951496
510.000000,291.109610
515.000000,291.267723
520.000000,291.425837
525.000000,291.583951
530.000000,291.742065
535.000000,291.900179
540.000000,292.058293
545.000000,292.216407
550.000000,292.374521
555.000000,292.532635
560.000000,292.690748
565.000000,292.848862
570.000000,293.006976
575.000000,293.165090
580.000000,293.323204
585.000000,293.481318
590.000000,293.639432
595.000000,293.797546
600.000000,293.955659
450.000000,294.113773
455.000000,294.271887
460.000000,294.430001
465.000000,294.588115
470.000000,294.746229
475.000000,294.904343
480.000000,295.062457
485.000000,295.220571
490.000000,295.378684
495.000000,295.536798
500.000000,295.694912
505.000000,295.853026
510.000000,296.011140
515.000000,296.169254
520.000000,296.327368
525.000000,296.485482
530.000000,296.643595
535.000000,296.801709
540.000000,296.959823
545.000000,297.117937
550.000000,297.276051
555.000000,297.434165
560.000000,297.592279
565.000000,297.750393
570.000000,297.908507
575.000000,298.066620
580.000000,298.224734
585.000000,298.382848
590.000000,298.540962
595.000000,298.699076
600.000000,298.857190
450.000000,299.015304
455.000000,299.173418
460.000000,299.331531
465.000000,299.489645
470.000000,299.647759
475.000000,299.805873
480.000000,299.963987
485.000000,300.122101
490.000000,300.280215
495.000000,300.438329
500.000000,300.596443
505.000000,300.754556
510.000000,300.912670
515.000000,301.070784
520.000000,301.228898
525.000000,301.387012
530.000000,301.545126
535.000000,301.703240
540.000000,301.861354
545.000000,302.019468
550.000000,302.177581
555.000000,302.335695
560.000000,302.493809
565.000000,302.651923
570.000000,302.810037
575.000000,302.968151
580.000000,303.126265
585.000000,303.284379
590.000000,303.442492
595.000000,303.600606
600.000000,303.758720
450.000000,303.916834
455.000000,304.074948
460.000000,304.233062
465.000000,304.391176
470.000000,304.549290
475.000000,304.707404
480.000000,304.865517
485.000000,305.023631
490.000000,305.181745
495.000000,305.339859
500.000000,305.497973
505.000000,305.656087
510.000000,305.814201
515.000000,305.972315
520.000000,306.130428
525.000000,306.288542
530.000000,306.446656
535.000000,306.604770
540.000000,306.762884
545.000000,306.920998
550.000000,307.079112
555.000000,307.237226
560.000000,307.395340
565.000000,307.553453
570.000000,307.711567
575.000000,307.869681
580.000000,308.027795
585.000000,308.185909
590.000000,308.344023
595.000000,308.502137
600.000000,308.660251
450.000000,308.818364
455.000000,308.976478
460.000000,309.134592
465.000000,309.292706
470.000000,309.450820
475.000000,309.608934
480.000000,309.767048
485.000000,309.925162
490.000000,310.083276
495.000000,310.241389
500.000000,310.399503
505.000000,310.557617
510.000000,310.715731
515.000000,310.873845
520.000000,311.031959
525.000000,311.190073
530.000000,311.348187
535.000000,311.506300
540.000000,311.664414
545.000000,311.822528
550.000000,311.980642
555.000000,312.138756
560.000000,312.296870
565.000000,312.454984
570.000000,312.613098
575.000000,312.771212
580.000000,312.929325
585.000000,313.087439
590.000000,313.245553
595.000000,313.403667
600.000000,313.561781
450.000000,313.719895
455.000000,313.878009
460.000000,314.036123
465.000000,314.194237
470.000000,314.352350
475.000000,314.510464
480.000000,314.668578
485.000000,314.826692
490.000000,314.984806
495.000000,315.142920
500.000000,315.301034
505.000000,315.459148
510.000000,315.617261
515.000000,315.775375
520.000000,315.933489
525.000000,316.091603
530.000000,316.249717
535.000000,316.407831
540.000000,316.565945
545.000000,316.724059
550.000000,316.882173
555.000000,317.040286
560.000000,317.198400
565.000000,317.356514
570.000000,317.514628
575.000000,317.672742
580.000000,317.830856
585.000000,317.988970
590.000000,318.147084
595.000000,318.305197
600.000000,318.463311
450.000000,318.621425
455.000000,318.779539
460.000000,318.937653
465.000000,319.095767
470.000000,319.253881
475.000000,319.411995
480.000000,319.570109
485.000000,319.728222
490.000000,319.886336
495.000000,320.044450
500.000000,320.202564
505.000000,320.360678
510.000000,320.518792
515.000000,320.676906
520.000000,320.835020
525.000000,320.993133
530.000000,321.151247
535.000000,321.309361
540.000000,321.467475
545.000000,321.625589
550.000000,321.783703
555.000000,321.941817
560.000000,322.099931
565.000000,322.258045
570.000000,322.416158
575.000000,322.574272
580.000000,322.732386
585.000000,322.890500
590.000000,323.048614
595.000000,323.206728
600.000000,323.364842
450.000000,323.522956
455.000000,323.681069
460.000000,323.839183
465.000000,323.997297
470.000000,324.155411
475.000000,324.313525
480.000000,324.471639
485.000000,324.629753
490.000000,324.787867
495.000000,324.945981
500.000000,325.104094
505.000000,325.262208
510.000000,325.420322
515.000000,325.578436
520.000000,325.736550
525.000000,325.894664
530.000000,326.052778
535.000000,326.210892
540.000000,326.369005
545.000000,326.527119
550.000000,326.685233
555.000000,326.843347
560.000000,327.001461
565.000000,327.159575
570.000000,327.317689
575.000000,327.475803
580.000000,327.633917
585.000000,327.792030
590.000000,327.950144
595.000000,328.108258
600.000000,328.266372
450.000000,328.424486
455.000000,328.582600
460.000000,328.740714
465.000000,328.898828
470.000000,329.056942
475.000000,329.215055
480.000000,329.373169
485.000000,329.531283
490.000000,329.689397
495.000000,329.847511
500.000000,330.005625
505.000000,330.163739
510.000000,330.321853
515.000000,330.479966
520.000000,330.638080
525.000000,330.796194
530.000000,330.954308
535.000000,331.112422
540.000000,331.270536
545.000000,331.428650
550.000000,331.586764
555.000000,331.744878
560.000000,331.902991
565.000000,332.061105
570.000000,332.219219
575.000000,332.377333
580.000000,332.535447
585.000000,332.693561
590.000000,332.851675
595.000000,333.009789
600.000000,333.167902
450.000000,333.326016
455.000000,333.484130
460.000000,333.642244
465.000000,333.800358
470.000000,333.958472
475.000000,334.116586
480.000000,334.274700
485.000000,334.432814
490.000000,334.590927
495.000000,334.749041
500.000000,334.907155
505.000000,335.065269
510.000000,335.223383
515.000000,335.381497
520.000000,335.539611
525.000000,335.697725
530.000000,335.855838
535.000000,336.013952
540.000000,336.172066
545.000000,336.330180
550.000000,336.488294
555.000000,336.646408
560.000000,336.804522
565.000000,336.962636
570.000000,337.120750
575.000000,337.278863
580.000000,337.436977
585.000000,337.595091
590.000000,337.753205
595.000000,337.911319
600.000000,338.069433
450.000000,338.227547
455.000000,338.385661
460.000000,338.543774
465.000000,338.701888
470.000000,338.860002
475.000000,339.018116
480.000000,339.176230
485.000000,339.334344
490.000000,339.492458
495.000000,339.650572
500.000000,339.808686
505.000000,339.966799
510.000000,340.124913
515.000000,340.283027
520.000000,340.441141
525.000000,340.599255
530.000000,340.757369
535.000000,340.915483
540.000000,341.073597
545.000000,341.231710
550.000000,341.389824
555.000000,341.547938
560.000000,341.706052
565.000000,341.864166
570.000000,342.022280
575.000000,342.180394
580.000000,342.338508
585.000000,342.496622
590.000000,342.654735
595.000000,342.812849
600.000000,342.970963
450.000000,343.129077
455.000000,343.287191
460.000000,343.445305
465.000000,343.603419
470.000000,343.761533
475.000000,343.919647
480.000000,344.077760
485.000000,344.235874
490.000000,344.393988
495.000000,344.552102
500.000000,344.710216
505.000000,344.868330
510.000000,345.026444
515.000000,345.184558
520.000000,345.342671
525.000000,345.500785
530.000000,345.658899
535.000000,345.817013
540.000000,345.975127
545.000000,346.133241
550.000000,346.291355
555.000000,346.449469
560.000000,346.607583
565.000000,346.765696
570.000000,346.923810
575.000000,347.081924
580.000000,347.240038
585.000000,347.398152
590.000000,347.556266
595.000000,347.714380
600.000000,347.872494
450.000000,348.030607
455.000000,348.188721
460.000000,348.346835
465.000000,348.504949
470.000000,348.663063
475.000000,348.821177
480.000000,348.979291
485.000000,349.137405
490.000000,349.295519
495.000000,349.453632
500.000000,349.611746
505.000000,349.769860
510.000000,349.927974
515.000000,350.086088
520.000000,350.244202
525.000000,350.402316
530.000000,350.560430
535.000000,350.718543
540.000000,350.876657
545.000000,351.034771
550.000000,351.192885
555.000000,351.350999
560.000000,351.509113
565.000000,351.667227
570.000000,351.825341
575.000000,351.983455
580.000000,352.141568
585.000000,352.299682
590.000000,352.457796
595.000000,352.615910
600.000000,352.774024
450.000000,352.932138
455.000000,353.090252
460.000000,353.248366
465.000000,353.406479
470.000000,353.564593
475.000000,353.722707
480.000000,353.880821
485.000000,354.038935
490.000000,354.197049
495.000000,354.355163
500.000000,354.513277
505.000000,354.671391
510.000000,354.829504
515.000000,354.987618
520.000000,355.145732
525.000000,355.303846
530.000000,355.461960
535.000000,355.620074
540.000000,355.778188
545.000000,355.936302
550.000000,356.094415
555.000000,356.252529
560.000000,356.410643
565.000000,356.568757
570.000000,356.726871
575.000000,356.884985
580.000000,357.043099
585.000000,357.201213
590.000000,357.359327
595.000000,357.517440
600.000000,357.675554
450.000000,357.833668
455.000000,357.991782
460.000000,358.149896
465.000000,358.308010
470.000000,358.466124
475.000000,358.624238
480.000000,358.782352
485.000000,358.940465
490.000000,359.098579
495.000000,359.256693
500.000000,359.414807
505.000000,359.572921
510.000000,359.731035
515.000000,359.889149
520.000000,360.047263
525.000000,360.205376
530.000000,360.363490
535.000000,360.521604
540.000000,360.679718
545.000000,360.837832
550.000000,360.995946
555.000000,361.154060
560.000000,361.312174
565.000000,361.470288
570.000000,361.628401
575.000000,361.786515
580.000000,361.944629
585.000000,362.102743
590.000000,362.260857
595.000000,362.418971
600.000000,362.577085
450.000000,362.735199
455.000000,362.893312
460.000000,363.051426
465.000000,363.209540
470.000000,363.367654
475.000000,363.525768
480.000000,363.683882
485.000000,363.841996
490.000000,364.000110
495.000000,364.158224
500.000000,364.316337
505.000000,364.474451
510.000000,364.632565
515.000000,364.790679
520.000000,364.948793
525.000000,365.106907
530.000000,365.265021
535.000000,365.423135
540.000000,365.581248
545.000000,365.739362
550.000000,365.897476
555.000000,366.055590
560.000000,366.213704
565.000000,366.371818
570.000000,366.529932
575.000000,366.688046
580.000000,366.846160
585.000000,367.004273
590.000000,367.162387
595.000000,367.320501
600.000000,367.478615
450.000000,367.636729
455.000000,367.794843
460.000000,367.952957
465.000000,368.111071
470.000000,368.269184
475.000000,368.427298
480.000000,368.585412
485.000000,368.743526
490.000000,368.901640
495.000000,369.059754
500.000000,369.217868
505.000000,369.375982
510.000000,369.534096
515.000000,369.692209
520.000000,369.850323
525.000000,370.008437
530.000000,370.166551
535.000000,370.324665
540.000000,370.482779
545.000000,370.640893
550.000000,370.799007
555.000000,370.957121
560.000000,371.115234
565.000000,371.273348
570.000000,371.431462
575.000000,371.589576
580.000000,371.747690
585.000000,371.905804
590.000000,372.063918
595.000000,372.222032
600.000000,372.380145
450.000000,372.538259
455.000000,372.696373
460.000000,372.854487
465.000000,373.012601
470.000000,373.170715
475.000000,373.328829
480.000000,373.486943
485.000000,373.645057
490.000000,373.803170
495.000000,373.961284
500.000000,374.119398
505.000000,374.277512
510.000000,374.435626
515.000000,374.593740
520.000000,374.751854
525.000000,374.909968
530.000000,375.068081
535.000000,375.226195
540.000000,375.384309
545.000000,375.542423
550.000000,375.700537
555.000000,375.858651
560.000000,376.016765
565.000000,376.174879
570.000000,376.332993
575.000000,376.491106
580.000000,376.649220
585.000000,376.807334
590.000000,376.965448
595.000000,377.123562
600.000000,377.281676
450.000000,377.439790
455.000000,377.597904
460.000000,377.756017
465.000000,377.914131
470.000000,378.072245
475.000000,378.230359
480.000000,378.388473
485.000000,378.546587
490.000000,378.704701
495.000000,378.862815
500.000000,379.020929
505.000000,379.179042
510.000000,379.337156
515.000000,379.495270
520.000000,379.653384
525.000000,379.811498
530.000000,379.969612
535.000000,380.127726
540.000000,380.285840
545.000000,380.443953
550.000000,380.602067
555.000000,380.760181
560.000000,380.918295
565.000000,381.076409
570.000000,381.234523
575.000000,381.392637
580.000000,381.550751
585.000000,381.708865
590.000000,381.866978
595.000000,382.025092
600.000000,382.183206
450.000000,382.341320
455.000000,382.499434
460.000000,382.657548
465.000000,382.815662
470.000000,382.973776
475.000000,383.131889
480.000000,383.290003
485.000000,383.448117
490.000000,383.606231
495.000000,383.764345
500.000000,383.922459
505.000000,384.080573
510.000000,384.238687
515.000000,384.396801
520.000000,384.554914
525.000000,384.713028
530.000000,384.871142
535.000000,385.029256
540.000000,385.187370
545.000000,385.345484
550.000000,385.503598
555.000000,385.661712
560.000000,385.819826
565.000000,385.977939
570.000000,386.136053
575.000000,386.294167
580.000000,386.452281
585.000000,386.610395
590.000000,386.768509
595.000000,386.926623
600.000000,387.084737
450.000000,387.242850
455.000000,387.400964
460.000000,387.559078
465.000000,387.717192
470.000000,387.875306
475.000000,388.033420
480.000000,388.191534
485.000000,388.349648
490.000000,388.507762
495.000000,388.665875
500.000000,388.823989
505.000000,388.982103
510.000000,389.140217
515.000000,389.298331
520.000000,389.456445
525.000000,389.614559
530.000000,389.772673
535.000000,389.930786
540.000000,390.088900
545.000000,390.247014
550.000000,390.405128
555.000000,390.563242
560.000000,390.721356
565.000000,390.879470
570.000000,391.037584
575.000000,391.195698
580.000000,391.353811
585.000000,391.511925
590.000000,391.670039
595.000000,391.828153
600.000000,391.986267
450.000000,392.144381
455.000000,392.302495
460.000000,392.460609
465.000000,392.618722
470.000000,392.776836
475.000000,392.934950
480.000000,393.093064
485.000000,393.251178
490.000000,393.409292
495.000000,393.567406
500.000000,393.725520
505.000000,393.883634
510.000000,394.041747
515.000000,394.199861
520.000000,394.357975
525.000000,394.516089
530.000000,394.674203
535.000000,394.832317
540.000000,394.990431
545.000000,395.148545
550.000000,395.306658
555.000000,395.464772
560.000000,395.622886
565.000000,395.781000
570.000000,395.939114
575.000000,396.097228
580.000000,396.255342
585.000000,396.413456
590.000000,396.571570
595.000000,396.729683
600.000000,396.887797
450.000000,397.045911
455.000000,397.204025
460.000000,397.362139
465.000000,397.520253
470.000000,397.678367
475.000000,397.836481
480.000000,397.994594
485.000000,398.152708
490.000000,398.310822
495.000000,398.468936
500.000000,398.627050
505.000000,398.785164
510.000000,398.943278
515.000000,399.101392
520.000000,399.259506
525.000000,399.417619
530.000000,399.575733
535.000000,399.733847
540.000000,399.891961
545.000000,400.050075
550.000000,400.208189
555.000000,400.366303
560.000000,400.524417
565.000000,400.682531
570.000000,400.840644
575.000000,400.998758
580.000000,401.156872
585.000000,401.314986
590.000000,401.473100
595.000000,401.631214
600.000000,401.789328
450.000000,401.947442
455.000000,402.105555
460.000000,402.263669
465.000000,402.421783
470.000000,402.579897
475.000000,402.738011
480.000000,402.896125
485.000000,403.054239
490.000000,403.212353
495.000000,403.370467
500.000000,403.528580
505.000000,403.686694
510.000000,403.844808
515.000000,404.002922
520.000000,404.161036
525.000000,404.319150
530.000000,404.477264
535.000000,404.635378
540.000000,404.793491
545.000000,404.951605
550.000000,405.109719
555.000000,405.267833
560.000000,405.425947
565.000000,405.584061
570.000000,405.742175
575.000000,405.900289
580.000000,406.058403
585.000000,406.216516
590.000000,406.374630
595.000000,406.532744
600.000000,406.690858
450.000000,406.848972
455.000000,407.007086
460.000000,407.165200
465.000000,407.323314
470.000000,407.481427
475.000000,407.639541
480.000000,407.797655
485.000000,407.955769
